0 0.151042 0.490278 0.058333 0.099074
0 0.209115 0.473148 0.039062 0.137037
0 0.256510 0.492130 0.045312 0.152778
6 0.326562 0.801389 0.118750 0.089815
6 0.406771 0.270370 0.087500 0.157407
1 0.519271 0.483796 0.094792 0.082407
1 0.487240 0.793981 0.047396 0.100926
1 0.454948 0.933333 0.043229 0.114815
3 0.909115 0.745370 0.080729 0.168519
0 0.744010 0.449537 0.056771 0.186111
0 0.698177 0.541204 0.099479 0.104630
0 0.688281 0.590278 0.108854 0.073148
0 0.709115 0.710648 0.075521 0.137963
0 0.750521 0.712963 0.025000 0.164815
0 0.783854 0.725000 0.053125 0.162963
0 0.218229 0.719444 0.091667 0.112963
