0 0.157812 0.482870 0.041667 0.141667
0 0.198177 0.461111 0.036979 0.166667
0 0.232813 0.488889 0.092708 0.172222
0 0.236458 0.716667 0.067708 0.150000
0 0.272135 0.605556 0.108854 0.061111
0 0.196615 0.726852 0.044271 0.155556
1 0.457031 0.550926 0.071354 0.116667
1 0.508594 0.756944 0.109896 0.080556
0 0.744792 0.446759 0.064583 0.191667
0 0.705469 0.519907 0.113021 0.086111
6 0.617969 0.535185 0.104688 0.101852
6 0.609896 0.404167 0.116667 0.084259
0 0.713802 0.694444 0.082812 0.174074
0 0.760938 0.725000 0.062500 0.151852
5 0.840625 0.767130 0.066667 0.158333
6 0.639062 0.800463 0.084375 0.145370
