0 0.739844 0.431019 0.052604 0.176852
0 0.706250 0.527778 0.085417 0.138889
0 0.719271 0.687963 0.085417 0.179630
0 0.835156 0.759722 0.053646 0.182407
6 0.552865 0.389815 0.114062 0.109259
5 0.761198 0.847685 0.086979 0.108333
5 0.878906 0.884259 0.072396 0.101852
1 0.507031 0.774074 0.100521 0.100000
1 0.516667 0.656944 0.100000 0.091667
1 0.441927 0.469444 0.103646 0.057407
1 0.485156 0.520370 0.077604 0.120370
0 0.157812 0.475000 0.041667 0.146296
0 0.200260 0.467593 0.047396 0.179630
0 0.241927 0.480556 0.070312 0.175926
0 0.276823 0.613889 0.116146 0.098148
0 0.239844 0.706944 0.068229 0.145370
0 0.203646 0.732407 0.042708 0.162963
6 0.544271 0.913889 0.092708 0.107407
