0 0.233333 0.525000 0.106250 0.150000
0 0.240365 0.660648 0.088021 0.073148
0 0.226823 0.757870 0.086979 0.147222
0 0.190365 0.743056 0.072396 0.206481
5 0.857812 0.305556 0.075000 0.105556
0 0.701042 0.550463 0.085417 0.147222
6 0.393229 0.143981 0.086458 0.087963
6 0.737500 0.883333 0.069792 0.096296
6 0.688542 0.941667 0.066667 0.109259
6 0.821615 0.869907 0.046354 0.141667
1 0.514062 0.812500 0.137500 0.069444
1 0.506250 0.714815 0.094792 0.107407
1 0.480208 0.474074 0.067708 0.098148
1 0.497396 0.611111 0.089583 0.125926
