0 0.240625 0.683796 0.093750 0.095370
0 0.177604 0.738889 0.062500 0.166667
0 0.235156 0.517130 0.077604 0.202778
1 0.457813 0.793981 0.092708 0.136111
1 0.476302 0.524074 0.073438 0.174074
0 0.732812 0.429167 0.050000 0.173148
0 0.701823 0.647685 0.106771 0.084259
0 0.759115 0.686111 0.086979 0.107407
6 0.798958 0.325926 0.055208 0.179630
6 0.821615 0.879630 0.052604 0.107407
6 0.556250 0.919444 0.060417 0.133333
6 0.870833 0.178241 0.058333 0.137963
6 0.365104 0.851389 0.094792 0.132407
6 0.402865 0.119907 0.105729 0.071296
