0 0.237500 0.510185 0.097917 0.174074
4 0.396094 0.119444 0.108854 0.062963
1 0.482292 0.497222 0.063542 0.162963
1 0.439062 0.621759 0.097917 0.117593
0 0.239844 0.679167 0.108854 0.075000
0 0.170313 0.736574 0.062500 0.171296
1 0.448958 0.746296 0.095833 0.070370
1 0.482031 0.856481 0.044271 0.168519
6 0.360938 0.867593 0.090625 0.114815
0 0.772135 0.411574 0.050521 0.202778
0 0.753125 0.692593 0.092708 0.124074
6 0.822656 0.876389 0.044271 0.097222
6 0.799219 0.940741 0.044271 0.111111
6 0.873958 0.195370 0.050000 0.114815
