0 0.244010 0.508796 0.078646 0.132407
0 0.243490 0.676389 0.109896 0.080556
6 0.122917 0.882407 0.060417 0.174074
1 0.492969 0.468519 0.100521 0.101852
1 0.480729 0.650463 0.062500 0.136111
1 0.467187 0.561574 0.071875 0.091667
6 0.403385 0.602315 0.052604 0.212037
6 0.371615 0.873611 0.073438 0.073148
1 0.479427 0.895833 0.051562 0.150926
0 0.707552 0.496296 0.113021 0.118519
6 0.658073 0.672685 0.046354 0.195370
6 0.818750 0.863889 0.060417 0.096296
6 0.801823 0.927315 0.051562 0.126852
6 0.868490 0.204167 0.055729 0.078704
