0 0.203125 0.718056 0.043750 0.137963
0 0.239583 0.706944 0.065625 0.141667
0 0.158854 0.492130 0.039583 0.141667
0 0.744531 0.446296 0.045312 0.187037
0 0.701562 0.523611 0.096875 0.086111
0 0.688021 0.595833 0.132292 0.065741
0 0.726302 0.706481 0.063021 0.218519
0 0.805469 0.488426 0.056771 0.095370
1 0.453646 0.467130 0.092708 0.084259
1 0.509896 0.649537 0.127083 0.084259
1 0.459375 0.705093 0.065625 0.076852
1 0.508594 0.758796 0.095312 0.091667
1 0.505469 0.839352 0.105729 0.076852
1 0.458854 0.923611 0.066667 0.130556
5 0.766406 0.856481 0.079687 0.125926
6 0.684115 0.057407 0.111979 0.096296
6 0.288281 0.371759 0.102604 0.091667
