1 0.443490 0.539815 0.100521 0.107407
1 0.509635 0.602315 0.079687 0.089815
1 0.517969 0.701389 0.113021 0.091667
1 0.510156 0.758796 0.098437 0.073148
1 0.512500 0.867130 0.089583 0.078704
1 0.506510 0.952315 0.105729 0.069444
0 0.257292 0.574537 0.125000 0.073148
0 0.247917 0.658796 0.105208 0.080556
0 0.175260 0.732870 0.042188 0.147222
6 0.355208 0.811574 0.097917 0.082407
6 0.382552 0.901852 0.079687 0.111111
4 0.151302 0.140278 0.054688 0.141667
6 0.466667 0.095833 0.054167 0.137963
6 0.710156 0.141667 0.053646 0.161111
0 0.786198 0.469444 0.070312 0.146296
0 0.697135 0.641667 0.097396 0.146296
5 0.877604 0.244907 0.063542 0.076852
