4 0.143490 0.153241 0.045312 0.126852
6 0.465885 0.093056 0.048438 0.132407
6 0.531771 0.186574 0.061458 0.189815
1 0.458594 0.533333 0.102604 0.105556
1 0.501563 0.611111 0.081250 0.083333
1 0.503125 0.765278 0.103125 0.063889
1 0.496354 0.693519 0.123958 0.061111
1 0.483333 0.939815 0.065625 0.101852
0 0.254948 0.576389 0.106771 0.087963
0 0.244010 0.681944 0.100521 0.102778
0 0.179427 0.730093 0.050521 0.149074
6 0.120573 0.844444 0.043229 0.111111
6 0.367969 0.815278 0.115104 0.093519
6 0.313021 0.929167 0.121875 0.095370
5 0.710677 0.143519 0.068229 0.172222
0 0.718229 0.644444 0.113542 0.127778
0 0.793750 0.475000 0.065625 0.114815
6 0.809635 0.915741 0.044271 0.146296
6 0.913281 0.847685 0.070312 0.093519
6 0.179427 0.402315 0.102604 0.112037
