6 0.154948 0.275000 0.045312 0.155556
6 0.532031 0.203704 0.048438 0.170370
6 0.494531 0.094907 0.114062 0.071296
6 0.412500 0.298611 0.062500 0.180556
6 0.809896 0.903241 0.053125 0.182407
0 0.251563 0.576852 0.121875 0.114815
0 0.239323 0.681944 0.109896 0.119444
0 0.179427 0.723611 0.052604 0.136111
6 0.116667 0.844444 0.063542 0.111111
5 0.712240 0.142130 0.065104 0.187963
0 0.794010 0.460185 0.051562 0.168519
0 0.698958 0.572685 0.123958 0.102778
0 0.775521 0.709722 0.063542 0.171296
6 0.862500 0.258796 0.039583 0.202778
6 0.879687 0.927315 0.059375 0.080556
1 0.502865 0.422685 0.076563 0.150926
1 0.457552 0.543056 0.102604 0.089815
1 0.488802 0.606019 0.106771 0.082407
1 0.498958 0.681019 0.094792 0.093519
1 0.451042 0.785648 0.073958 0.099074
6 0.368490 0.810648 0.107812 0.087963
6 0.339323 0.937963 0.101562 0.116667
6 0.235417 0.868981 0.041667 0.197222
6 0.953646 0.232870 0.072917 0.117593
