0 0.253125 0.574537 0.125000 0.087963
0 0.245833 0.676389 0.098958 0.080556
0 0.182812 0.722222 0.067708 0.168519
6 0.117448 0.840741 0.039062 0.107407
6 0.525781 0.168519 0.075521 0.172222
6 0.385937 0.182870 0.068750 0.143519
1 0.497135 0.426389 0.080729 0.128704
1 0.457552 0.533333 0.108854 0.101852
1 0.498958 0.612963 0.082292 0.075926
1 0.496875 0.683796 0.088542 0.080556
1 0.509115 0.796296 0.106771 0.105556
5 0.709115 0.137963 0.067187 0.146296
5 0.816667 0.176389 0.066667 0.137963
6 0.960677 0.239352 0.056771 0.130556
0 0.699740 0.574537 0.115104 0.123148
0 0.797396 0.456019 0.044792 0.149074
6 0.821094 0.901389 0.049479 0.186111
0 0.908854 0.467593 0.069792 0.107407
6 0.356771 0.829167 0.088542 0.091667
