6 0.381510 0.186574 0.047396 0.125000
6 0.520052 0.175000 0.078646 0.174074
5 0.717969 0.128241 0.046354 0.176852
5 0.817448 0.174537 0.076563 0.134259
6 0.863281 0.275926 0.083854 0.103704
6 0.766146 0.320833 0.112500 0.108333
0 0.726823 0.426389 0.078646 0.178704
0 0.802604 0.466667 0.062500 0.155556
0 0.707031 0.580556 0.107812 0.114815
0 0.259115 0.579630 0.115104 0.074074
0 0.244010 0.675463 0.108854 0.089815
0 0.182031 0.714815 0.053646 0.157407
1 0.457292 0.472222 0.087500 0.098148
1 0.455208 0.548611 0.083333 0.093519
1 0.493750 0.609259 0.096875 0.079630
1 0.492448 0.688426 0.116146 0.093519
1 0.498958 0.808796 0.080208 0.145370
6 0.122917 0.838889 0.054167 0.100000
6 0.224219 0.901389 0.073438 0.121296
6 0.359896 0.850463 0.096875 0.073148
6 0.961458 0.217130 0.062500 0.093519
