0 0.201042 0.458796 0.039583 0.182407
0 0.151042 0.495370 0.058333 0.127778
0 0.254427 0.673148 0.111979 0.098148
0 0.178906 0.722222 0.057812 0.137037
6 0.116927 0.838889 0.052604 0.111111
6 0.355469 0.854630 0.114062 0.118519
6 0.178906 0.907407 0.057812 0.116667
6 0.526823 0.161111 0.105729 0.107407
6 0.388542 0.186111 0.061458 0.118519
1 0.446094 0.529630 0.099479 0.109259
1 0.486458 0.616204 0.093750 0.075000
1 0.495052 0.684722 0.108854 0.067593
1 0.510156 0.777778 0.098437 0.092593
6 0.600521 0.900926 0.063542 0.166667
5 0.721875 0.143056 0.054167 0.147222
5 0.816927 0.163889 0.075521 0.116667
0 0.723437 0.458796 0.057292 0.197222
0 0.794792 0.450000 0.055208 0.150000
6 0.716146 0.874537 0.083333 0.089815
