0 0.160156 0.474074 0.054688 0.170370
0 0.204167 0.478241 0.053125 0.139815
0 0.250521 0.662037 0.091667 0.066667
1 0.468229 0.766204 0.073958 0.149074
1 0.467969 0.899074 0.046354 0.159259
0 0.690625 0.575463 0.129167 0.086111
0 0.801823 0.467593 0.053646 0.153704
1 0.502083 0.468981 0.096875 0.076852
1 0.497396 0.595833 0.104167 0.073148
6 0.805990 0.913889 0.059896 0.146296
5 0.719792 0.138889 0.066667 0.155556
6 0.919010 0.851389 0.073438 0.093519
6 0.392708 0.178241 0.073958 0.160185
6 0.966667 0.253241 0.066667 0.134259
