6 0.356771 0.399537 0.054167 0.193519
6 0.726562 0.095833 0.093750 0.080556
6 0.125000 0.423611 0.047917 0.184259
4 0.873437 0.174537 0.057292 0.076852
0 0.742969 0.447685 0.058854 0.189815
0 0.703125 0.518056 0.109375 0.078704
0 0.690625 0.553704 0.129167 0.064815
0 0.691667 0.610185 0.131250 0.066667
0 0.724219 0.694444 0.079687 0.177778
5 0.771094 0.851852 0.074479 0.105556
0 0.798438 0.490741 0.050000 0.103704
5 0.972135 0.791204 0.047396 0.123148
0 0.158594 0.469444 0.047396 0.179630
0 0.246615 0.477315 0.077604 0.184259
0 0.279687 0.609259 0.100000 0.088889
0 0.245312 0.712963 0.065625 0.157407
0 0.198698 0.728704 0.054688 0.166667
1 0.466667 0.425000 0.084375 0.114815
1 0.478385 0.560648 0.047396 0.075000
1 0.472917 0.663889 0.064583 0.120370
1 0.479687 0.857407 0.092708 0.066667
6 0.577083 0.901852 0.069792 0.111111
6 0.744010 0.214352 0.110937 0.069444
