6 0.796354 0.324537 0.088542 0.139815
6 0.715885 0.266667 0.048438 0.164815
5 0.716927 0.115741 0.050521 0.127778
6 0.385937 0.164815 0.056250 0.088889
0 0.204687 0.460648 0.052083 0.154630
0 0.257031 0.495370 0.080729 0.159259
0 0.256510 0.672685 0.088021 0.095370
0 0.178646 0.736574 0.060417 0.132407
6 0.119010 0.838426 0.058854 0.093519
6 0.148177 0.901389 0.046354 0.089815
1 0.503646 0.474537 0.091667 0.086111
1 0.447396 0.564352 0.090625 0.067593
1 0.442188 0.693981 0.091667 0.082407
6 0.311979 0.850000 0.091667 0.105556
0 0.690104 0.567130 0.119792 0.095370
0 0.751823 0.728241 0.044271 0.206481
6 0.882031 0.231019 0.040104 0.078704
6 0.823698 0.174537 0.078646 0.134259
