6 0.389062 0.171296 0.058333 0.124074
1 0.456771 0.566204 0.098958 0.075000
1 0.449219 0.775000 0.081771 0.094444
1 0.462240 0.921296 0.049479 0.122222
6 0.478646 0.253704 0.064583 0.181481
6 0.121094 0.837963 0.048438 0.094444
6 0.134635 0.931944 0.057812 0.063889
0 0.177865 0.746296 0.039062 0.177778
6 0.259635 0.617130 0.053646 0.187963
6 0.299479 0.850000 0.101042 0.105556
6 0.709115 0.269444 0.067187 0.159259
6 0.724479 0.131019 0.059375 0.154630
6 0.788281 0.325926 0.100521 0.103704
6 0.821615 0.177315 0.076563 0.136111
0 0.692969 0.559259 0.135937 0.072222
0 0.701042 0.649537 0.104167 0.126852
0 0.769271 0.721296 0.066667 0.155556
