0 0.203646 0.472222 0.064583 0.174074
0 0.696615 0.557407 0.121354 0.061111
0 0.703125 0.642593 0.117708 0.074074
5 0.724740 0.126389 0.074479 0.095370
6 0.393750 0.177315 0.061458 0.117593
6 0.255469 0.706944 0.075521 0.076852
6 0.150781 0.943519 0.055729 0.077778
6 0.714323 0.306481 0.049479 0.196296
5 0.885937 0.945370 0.064583 0.105556
1 0.491927 0.842130 0.104688 0.082407
1 0.463802 0.904167 0.086979 0.065741
6 0.497917 0.170370 0.103125 0.107407
6 0.477865 0.082407 0.058854 0.100000
5 0.921875 0.848611 0.059375 0.069444
5 0.817448 0.173148 0.068229 0.116667
