6 0.390625 0.193519 0.071875 0.122222
1 0.473698 0.456944 0.086979 0.100926
1 0.466667 0.551852 0.092708 0.075926
1 0.452604 0.638889 0.096875 0.083333
1 0.513021 0.758796 0.101042 0.073148
1 0.491927 0.837037 0.080729 0.068519
1 0.460938 0.903241 0.093750 0.063889
6 0.239583 0.705093 0.065625 0.102778
6 0.119271 0.840741 0.059375 0.100000
6 0.197135 0.868981 0.071354 0.078704
5 0.612500 0.408796 0.063542 0.178704
6 0.139583 0.949074 0.071875 0.074074
0 0.690365 0.562963 0.115104 0.068519
0 0.701042 0.647685 0.123958 0.087963
5 0.917969 0.259259 0.049479 0.105556
6 0.825781 0.950000 0.050521 0.100000
5 0.926823 0.847685 0.073438 0.078704
5 0.888542 0.937037 0.055208 0.100000
