6 0.159896 0.218519 0.055208 0.114815
6 0.382552 0.190741 0.067187 0.127778
1 0.479948 0.431944 0.050521 0.147222
1 0.439583 0.557407 0.096875 0.072222
1 0.523698 0.547685 0.083854 0.091667
1 0.474740 0.779630 0.056771 0.111111
0 0.197135 0.726389 0.077604 0.141667
0 0.168490 0.949074 0.078646 0.074074
0 0.710156 0.530093 0.114062 0.086111
0 0.717708 0.659722 0.133333 0.097222
5 0.817708 0.174537 0.088542 0.149074
0 0.973177 0.229630 0.051562 0.107407
5 0.886198 0.936111 0.052604 0.120370
6 0.598437 0.944444 0.067708 0.100000
1 0.448177 0.643519 0.079687 0.122222
6 0.820573 0.936574 0.070312 0.126852
