4 0.140625 0.150463 0.053125 0.097222
6 0.384635 0.185185 0.073438 0.112963
6 0.739844 0.047685 0.104688 0.073148
6 0.730208 0.287963 0.089583 0.170370
0 0.714323 0.482870 0.133854 0.091667
0 0.178906 0.502315 0.097396 0.087963
0 0.198437 0.742130 0.064583 0.154630
6 0.169010 0.953241 0.079687 0.086111
0 0.681510 0.589815 0.100521 0.111111
0 0.707552 0.655093 0.104688 0.134259
6 0.745833 0.760648 0.098958 0.156481
5 0.884375 0.939815 0.059375 0.109259
6 0.599479 0.931944 0.059375 0.132407
1 0.446615 0.529630 0.076563 0.131481
1 0.470312 0.770833 0.059375 0.086111
1 0.449740 0.628241 0.110937 0.065741
6 0.851302 0.271296 0.071354 0.105556
