0 0.207552 0.471296 0.080729 0.150000
0 0.260417 0.597685 0.123958 0.087963
0 0.188021 0.732870 0.065625 0.158333
6 0.160938 0.943519 0.087500 0.090741
6 0.375521 0.192593 0.057292 0.116667
6 0.471354 0.245833 0.069792 0.143519
1 0.452604 0.518981 0.077083 0.130556
1 0.456510 0.631481 0.074479 0.101852
1 0.455990 0.713426 0.075521 0.097222
1 0.483333 0.836574 0.083333 0.082407
1 0.427865 0.916204 0.079687 0.082407
6 0.729688 0.315278 0.129167 0.093519
6 0.748698 0.400463 0.111979 0.099074
0 0.718229 0.490278 0.143750 0.091667
0 0.685417 0.587037 0.129167 0.098148
0 0.729948 0.675926 0.115104 0.107407
5 0.890104 0.942593 0.058333 0.114815
