4 0.353385 0.137963 0.118229 0.061111
0 0.204167 0.478704 0.055208 0.125926
0 0.269271 0.587037 0.131250 0.094444
6 0.724740 0.325000 0.108854 0.062963
0 0.717708 0.484722 0.105208 0.102778
0 0.692448 0.591204 0.130729 0.089815
5 0.886719 0.935185 0.047396 0.118519
5 0.930990 0.957870 0.036979 0.062037
1 0.451562 0.523148 0.090625 0.114815
1 0.450781 0.620833 0.113021 0.073148
1 0.462500 0.713426 0.090625 0.086111
1 0.455208 0.773611 0.093750 0.076852
1 0.480208 0.842130 0.087500 0.067593
1 0.434635 0.903241 0.078646 0.075000
