0 0.205208 0.492593 0.061458 0.164815
0 0.253385 0.665741 0.105729 0.074074
6 0.557552 0.338889 0.104688 0.122222
1 0.452604 0.518519 0.080208 0.116667
1 0.502865 0.547685 0.110937 0.091667
1 0.500000 0.903241 0.101042 0.067593
1 0.452083 0.872222 0.055208 0.116667
0 0.788802 0.701389 0.075521 0.137963
0 0.715625 0.481019 0.131250 0.099074
0 0.692969 0.590278 0.116146 0.126852
5 0.891667 0.937963 0.055208 0.105556
0 0.348177 0.135185 0.114062 0.070370
3 0.789323 0.185648 0.093229 0.141667
4 0.738542 0.328704 0.123958 0.101852
