0 0.258594 0.540278 0.101562 0.084259
0 0.221354 0.733796 0.055208 0.180556
0 0.175521 0.751852 0.054167 0.198148
1 0.469531 0.525463 0.076563 0.139815
1 0.429427 0.732870 0.089063 0.093519
1 0.506771 0.740278 0.095833 0.128704
1 0.469792 0.857407 0.042708 0.127778
0 0.705990 0.677315 0.103646 0.121296
0 0.703125 0.541204 0.111458 0.078704
0 0.714844 0.372685 0.074479 0.117593
0 0.777604 0.453241 0.085417 0.089815
5 0.869010 0.260648 0.048438 0.065741
5 0.935156 0.893519 0.045312 0.120370
5 0.817708 0.882870 0.062500 0.087963
0 0.146875 0.501389 0.065625 0.136111
6 0.372396 0.125926 0.093750 0.109259
