0 0.256510 0.549537 0.109896 0.091667
0 0.173177 0.723148 0.044271 0.162963
1 0.464583 0.516204 0.064583 0.121296
1 0.498958 0.708796 0.084375 0.091667
1 0.472135 0.789352 0.071354 0.130556
1 0.776302 0.181019 0.068229 0.175000
6 0.713021 0.360185 0.063542 0.111111
0 0.706510 0.541204 0.115104 0.063889
0 0.754687 0.688889 0.057292 0.155556
5 0.898698 0.186574 0.069271 0.093519
5 0.934896 0.888889 0.041667 0.129630
6 0.869010 0.284722 0.050521 0.082407
6 0.814063 0.883796 0.081250 0.082407
6 0.383594 0.131019 0.095312 0.128704
