0 0.733333 0.463889 0.089583 0.100000
0 0.701042 0.546759 0.134375 0.071296
6 0.933073 0.889815 0.047396 0.120370
6 0.386458 0.127778 0.097917 0.105556
0 0.261719 0.623611 0.116146 0.078704
1 0.498958 0.528704 0.088542 0.111111
1 0.430729 0.568056 0.093750 0.104630
1 0.489323 0.797222 0.081771 0.122222
1 0.464062 0.932870 0.065625 0.106481
6 0.822135 0.885185 0.097396 0.100000
0 0.712240 0.657407 0.077604 0.161111
6 0.719792 0.358333 0.096875 0.100000
6 0.880469 0.296759 0.039062 0.099074
5 0.896354 0.186574 0.058333 0.086111
0 0.809635 0.421759 0.050521 0.149074
6 0.551042 0.949537 0.087500 0.082407
