6 0.191667 0.196296 0.068750 0.120370
6 0.370052 0.144444 0.086979 0.116667
6 0.881510 0.289352 0.055729 0.102778
6 0.717187 0.366667 0.065625 0.112963
6 0.705729 0.450000 0.101042 0.072222
6 0.253906 0.439352 0.072396 0.128704
6 0.125000 0.244444 0.052083 0.105556
0 0.179427 0.464815 0.060937 0.159259
0 0.788802 0.457870 0.061979 0.137963
0 0.697135 0.537963 0.116146 0.061111
0 0.707292 0.620370 0.091667 0.157407
0 0.773698 0.712500 0.059896 0.184259
5 0.815625 0.882870 0.084375 0.091667
5 0.895573 0.186574 0.055729 0.078704
5 0.936198 0.890278 0.045312 0.139815
1 0.427865 0.572685 0.097396 0.073148
1 0.496875 0.550463 0.092708 0.075000
1 0.432031 0.812963 0.109896 0.116667
1 0.500521 0.653241 0.117708 0.076852
6 0.658854 0.044907 0.089583 0.071296
0 0.238542 0.682870 0.100000 0.082407
