6 0.707292 0.345833 0.087500 0.097222
6 0.383594 0.126389 0.122396 0.102778
0 0.230469 0.514352 0.079687 0.171296
0 0.253646 0.668519 0.123958 0.072222
1 0.440104 0.500926 0.097917 0.135185
1 0.493750 0.545833 0.090625 0.073148
1 0.742969 0.674074 0.001563 0.000000
1 0.497135 0.646759 0.104688 0.082407
1 0.477344 0.744444 0.039062 0.112963
1 0.472917 0.887037 0.056250 0.146296
0 0.790104 0.450463 0.062500 0.149074
0 0.700000 0.542130 0.119792 0.065741
0 0.703125 0.631019 0.087500 0.150926
0 0.774219 0.707407 0.064062 0.166667
6 0.885677 0.300926 0.055729 0.100000
5 0.817708 0.876389 0.094792 0.108333
4 0.120833 0.235648 0.090625 0.115741
6 0.214844 0.163426 0.110937 0.078704
5 0.895312 0.187963 0.058333 0.057407
6 0.573958 0.954167 0.061458 0.080556
6 0.640625 0.102778 0.108333 0.101852
