4 0.111979 0.226389 0.062500 0.130556
4 0.220833 0.165741 0.090625 0.081481
6 0.371875 0.112037 0.088542 0.081481
1 0.435677 0.477778 0.080729 0.105556
1 0.510156 0.462963 0.072396 0.105556
1 0.496615 0.649537 0.077604 0.091667
1 0.465625 0.731944 0.058333 0.141667
0 0.224219 0.479630 0.077604 0.159259
0 0.229687 0.693519 0.094792 0.103704
6 0.719271 0.371759 0.073958 0.123148
0 0.699479 0.543981 0.118750 0.065741
0 0.707292 0.627315 0.097917 0.139815
0 0.767188 0.699074 0.066667 0.175926
6 0.345833 0.420370 0.066667 0.185185
6 0.844271 0.755556 0.085417 0.109259
5 0.813802 0.869907 0.077604 0.080556
6 0.888021 0.310185 0.062500 0.118519
5 0.895312 0.181944 0.060417 0.080556
6 0.570573 0.947222 0.070312 0.094444
6 0.127604 0.344907 0.065625 0.080556
6 0.393229 0.687500 0.070833 0.199074
5 0.830990 0.954167 0.075521 0.087963
