4 0.108854 0.221296 0.080208 0.094444
0 0.225521 0.486574 0.063542 0.187963
1 0.508073 0.462500 0.084896 0.089815
1 0.506510 0.578241 0.073438 0.130556
1 0.479948 0.757870 0.054688 0.143519
6 0.887760 0.287500 0.047396 0.119444
6 0.380208 0.120370 0.088542 0.111111
6 0.725000 0.373611 0.090625 0.115741
0 0.700781 0.531481 0.106771 0.098148
0 0.703125 0.620833 0.085417 0.137963
0 0.771875 0.706019 0.059375 0.158333
5 0.809115 0.882870 0.071354 0.091667
5 0.827083 0.951389 0.071875 0.086111
5 0.983854 0.764352 0.032292 0.145370
5 0.896094 0.192130 0.072396 0.086111
6 0.572396 0.933796 0.062500 0.128704
1 0.436979 0.822685 0.083333 0.093519
1 0.435417 0.950463 0.094792 0.073148
1 0.660156 0.027778 0.072396 0.055556
