0 0.220833 0.718519 0.086458 0.122222
6 0.598698 0.306481 0.106771 0.137037
6 0.722656 0.374074 0.082812 0.109259
5 0.896094 0.189352 0.056771 0.076852
0 0.701042 0.595833 0.100000 0.115741
0 0.798438 0.693519 0.050000 0.129630
6 0.717187 0.116204 0.087500 0.075000
5 0.815885 0.887963 0.073438 0.109259
6 0.578125 0.946296 0.048958 0.092593
1 0.506510 0.573148 0.055729 0.111111
1 0.480208 0.735648 0.063542 0.099074
1 0.509635 0.865278 0.088021 0.075000
6 0.777083 0.282407 0.092708 0.105556
0 0.796354 0.456019 0.040625 0.145370
6 0.883073 0.298611 0.042188 0.080556
