6 0.480469 0.179167 0.085938 0.132407
0 0.747396 0.429167 0.071875 0.176852
0 0.708594 0.507870 0.104688 0.073148
0 0.692187 0.548148 0.128125 0.061111
0 0.686979 0.612037 0.128125 0.077778
0 0.721354 0.687500 0.121875 0.141667
5 0.760938 0.843981 0.094792 0.100926
6 0.714323 0.795833 0.081771 0.150926
0 0.225260 0.694444 0.051562 0.166667
0 0.161198 0.732407 0.052604 0.159259
1 0.463802 0.426389 0.082812 0.158333
1 0.553385 0.486574 0.091146 0.123148
1 0.442188 0.532407 0.095833 0.114815
1 0.515104 0.775463 0.107292 0.084259
1 0.445052 0.853704 0.097396 0.098148
4 0.552865 0.931019 0.083854 0.106481
