0 0.250000 0.658333 0.114583 0.044444
0 0.214323 0.718519 0.077604 0.125926
1 0.460156 0.472222 0.088021 0.077778
1 0.497917 0.569907 0.058333 0.113889
1 0.509635 0.655093 0.071354 0.091667
1 0.465104 0.737500 0.065625 0.126852
1 0.507812 0.862037 0.093750 0.088889
0 0.716667 0.370370 0.066667 0.120370
1 0.626563 0.372222 0.071875 0.162963
0 0.782292 0.481944 0.070833 0.132407
0 0.690365 0.600463 0.113021 0.128704
6 0.707031 0.835185 0.071354 0.088889
5 0.894531 0.184722 0.049479 0.063889
5 0.817187 0.890741 0.059375 0.114815
5 0.980208 0.767130 0.027083 0.150926
6 0.123958 0.343056 0.042708 0.073148
6 0.778646 0.255556 0.091667 0.098148
6 0.882031 0.295833 0.038021 0.075000
