6 0.373698 0.123148 0.079687 0.109259
4 0.116927 0.208796 0.084896 0.084259
0 0.248438 0.660185 0.113542 0.070370
0 0.204948 0.727778 0.081771 0.125926
1 0.439323 0.487963 0.078646 0.109259
1 0.499479 0.643056 0.089583 0.089815
1 0.506771 0.865741 0.095833 0.129630
1 0.436458 0.955093 0.098958 0.078704
6 0.731250 0.163889 0.089583 0.074074
6 0.632031 0.255093 0.091146 0.073148
6 0.713542 0.377315 0.058333 0.130556
6 0.616927 0.624537 0.060937 0.210185
0 0.699219 0.600463 0.105729 0.117593
0 0.790365 0.465278 0.072396 0.126852
6 0.909375 0.414815 0.054167 0.070370
6 0.873437 0.303704 0.051042 0.066667
0 0.799479 0.689815 0.054167 0.118519
5 0.817187 0.884722 0.063542 0.087963
5 0.982812 0.759722 0.034375 0.097222
6 0.572656 0.936111 0.046354 0.109259
