0 0.233073 0.700926 0.108854 0.068519
0 0.196354 0.728241 0.062500 0.087963
6 0.109375 0.210648 0.067708 0.087963
6 0.433594 0.305556 0.106771 0.090741
6 0.484375 0.237500 0.022917 0.163889
6 0.528385 0.252778 0.052604 0.164815
6 0.558594 0.362037 0.106771 0.075926
6 0.504948 0.399074 0.052604 0.174074
6 0.450521 0.463426 0.054167 0.184259
1 0.503385 0.644444 0.083854 0.127778
1 0.468229 0.784722 0.053125 0.143519
1 0.431510 0.952315 0.106771 0.073148
6 0.792708 0.270370 0.059375 0.157407
6 0.715104 0.373611 0.055208 0.095370
0 0.796354 0.470370 0.077083 0.124074
0 0.696094 0.587963 0.109896 0.111111
0 0.712500 0.698148 0.092708 0.105556
6 0.882552 0.304630 0.032813 0.100000
6 0.669792 0.211574 0.085417 0.147222
5 0.814583 0.890741 0.060417 0.103704
5 0.982812 0.767130 0.032292 0.128704
6 0.582552 0.942593 0.052604 0.107407
