6 0.401823 0.251852 0.081771 0.116667
6 0.464323 0.205093 0.043229 0.213889
6 0.528385 0.241204 0.072396 0.134259
6 0.555469 0.350463 0.100521 0.102778
6 0.454427 0.372685 0.078646 0.093519
6 0.118750 0.213426 0.094792 0.100926
6 0.670312 0.210185 0.060417 0.109259
6 0.791406 0.268056 0.056771 0.149074
6 0.710938 0.375463 0.062500 0.110185
5 0.894271 0.196296 0.056250 0.074074
6 0.883594 0.305556 0.034896 0.124074
0 0.802865 0.448148 0.055729 0.100000
0 0.699479 0.595833 0.096875 0.099074
0 0.726042 0.688889 0.092708 0.116667
0 0.264062 0.625463 0.127083 0.071296
0 0.231250 0.691204 0.100000 0.087963
0 0.200521 0.721296 0.072917 0.127778
6 0.580208 0.937037 0.039583 0.122222
1 0.497135 0.657407 0.076563 0.118519
1 0.407812 0.780093 0.083333 0.080556
1 0.469271 0.808333 0.048958 0.114815
5 0.814063 0.879167 0.065625 0.095370
5 0.955729 0.206944 0.036458 0.058333
