6 0.115885 0.374537 0.050521 0.162037
6 0.319531 0.135185 0.104688 0.062963
1 0.458073 0.420370 0.081771 0.090741
1 0.451562 0.499074 0.096875 0.077778
0 0.263021 0.642593 0.116667 0.055556
0 0.204948 0.738426 0.075521 0.147222
6 0.177604 0.921296 0.058333 0.107407
6 0.346094 0.778704 0.081771 0.116667
1 0.504687 0.583333 0.067708 0.148148
1 0.427344 0.726389 0.076563 0.137963
1 0.520052 0.844907 0.076563 0.123148
6 0.504687 0.100463 0.057292 0.143519
6 0.688542 0.331481 0.038542 0.183333
0 0.716146 0.460648 0.057292 0.147222
0 0.717969 0.687963 0.108854 0.100000
6 0.711198 0.914815 0.067187 0.116667
6 0.869531 0.232870 0.053646 0.067593
6 0.789583 0.306481 0.061458 0.142593
6 0.975260 0.204630 0.045312 0.053704
6 0.326042 0.500926 0.097917 0.135185
