4 0.109375 0.381481 0.051042 0.153704
6 0.317969 0.140741 0.103646 0.074074
6 0.458594 0.155093 0.054688 0.130556
6 0.608333 0.049074 0.069792 0.098148
6 0.688021 0.293981 0.041667 0.189815
6 0.718750 0.409722 0.114583 0.069444
6 0.714844 0.873611 0.113021 0.073148
0 0.805990 0.675463 0.083854 0.093519
6 0.688021 0.687500 0.043750 0.180556
1 0.511458 0.475000 0.091667 0.061111
1 0.439323 0.513426 0.080729 0.110185
1 0.503646 0.608796 0.061458 0.134259
1 0.471615 0.779630 0.052604 0.114815
6 0.278646 0.533796 0.053125 0.182407
