6 0.115365 0.364815 0.045312 0.155556
6 0.327083 0.130093 0.093750 0.076852
6 0.454687 0.138426 0.050000 0.139815
6 0.688542 0.320833 0.044792 0.197222
6 0.742969 0.448148 0.091146 0.068519
6 0.887500 0.268056 0.059375 0.084259
6 0.168750 0.937963 0.065625 0.120370
0 0.205208 0.470370 0.055208 0.151852
0 0.255990 0.625463 0.108854 0.071296
0 0.189844 0.735648 0.051562 0.152778
0 0.690625 0.631944 0.103125 0.087963
1 0.463802 0.469444 0.086979 0.088889
1 0.505990 0.696759 0.100521 0.086111
1 0.484896 0.824074 0.064583 0.164815
5 0.637500 0.855093 0.063542 0.136111
