0 0.170313 0.509259 0.096875 0.107407
0 0.162760 0.724074 0.059896 0.150000
0 0.237760 0.692130 0.115104 0.078704
0 0.273177 0.611111 0.132812 0.072222
0 0.742969 0.441204 0.052604 0.189815
0 0.711458 0.514352 0.094792 0.097222
0 0.689063 0.607870 0.130208 0.086111
0 0.722396 0.680556 0.100000 0.111111
6 0.727865 0.793981 0.070312 0.158333
5 0.764583 0.841204 0.089583 0.099074
0 0.802865 0.480556 0.051562 0.111111
6 0.516146 0.157870 0.084375 0.136111
1 0.467708 0.419907 0.084375 0.134259
1 0.509115 0.529630 0.108854 0.127778
1 0.454167 0.580556 0.076042 0.164815
1 0.508594 0.823611 0.095312 0.080556
