6 0.130990 0.292130 0.044271 0.117593
6 0.682552 0.391667 0.119271 0.127778
5 0.880729 0.231944 0.061458 0.087963
0 0.229948 0.728704 0.078646 0.162963
0 0.694010 0.566204 0.105729 0.089815
0 0.745052 0.704167 0.080729 0.154630
0 0.798177 0.468519 0.046354 0.109259
1 0.460677 0.482407 0.066146 0.107407
1 0.494531 0.593981 0.075521 0.134259
1 0.444010 0.794907 0.036979 0.152778
1 0.503906 0.866204 0.084896 0.076852
6 0.601302 0.861111 0.053646 0.185185
6 0.375781 0.953241 0.048438 0.082407
6 0.471875 0.129167 0.060417 0.128704
6 0.912240 0.654167 0.046354 0.150926
