6 0.134635 0.310185 0.045312 0.122222
6 0.665104 0.330093 0.064583 0.193519
6 0.884635 0.197685 0.073438 0.076852
6 0.469271 0.141667 0.048958 0.150000
0 0.232813 0.706944 0.068750 0.169444
1 0.467187 0.486574 0.059375 0.126852
1 0.496615 0.588426 0.075521 0.137963
1 0.449740 0.793981 0.044271 0.128704
1 0.493750 0.705093 0.062500 0.137963
6 0.282813 0.205093 0.063542 0.095370
0 0.795573 0.460648 0.044271 0.154630
0 0.688542 0.560648 0.114583 0.082407
0 0.751302 0.723611 0.047396 0.197222
5 0.839323 0.392130 0.077604 0.143519
