0 0.172396 0.501852 0.068750 0.103704
0 0.273177 0.587963 0.115104 0.072222
0 0.255469 0.670370 0.105729 0.129630
0 0.164844 0.724537 0.051562 0.141667
0 0.746354 0.446759 0.063542 0.199074
0 0.703125 0.512500 0.104167 0.104630
0 0.693490 0.613426 0.134896 0.080556
0 0.717708 0.690741 0.094792 0.131481
6 0.728385 0.800926 0.067187 0.168519
5 0.833854 0.792130 0.064583 0.165741
6 0.477344 0.118981 0.101562 0.073148
6 0.643490 0.166667 0.079687 0.150000
1 0.456250 0.403241 0.065625 0.139815
1 0.509115 0.525926 0.068229 0.144444
1 0.447135 0.524537 0.079687 0.134259
1 0.513542 0.696759 0.089583 0.086111
1 0.489063 0.835185 0.064583 0.146296
6 0.557552 0.941204 0.084896 0.089815
