0 0.240365 0.507870 0.067187 0.137963
0 0.728385 0.459722 0.071354 0.184259
0 0.750000 0.689815 0.088542 0.103704
0 0.557552 0.118056 0.119271 0.093519
1 0.369271 0.175000 0.059375 0.120370
6 0.672917 0.332407 0.093750 0.087037
6 0.776823 0.435648 0.051562 0.128704
6 0.711719 0.768981 0.102604 0.075000
6 0.538281 0.689352 0.132812 0.080556
6 0.365365 0.787037 0.090104 0.111111
6 0.911458 0.841204 0.060417 0.145370
6 0.802865 0.918056 0.047396 0.141667
6 0.711719 0.872685 0.113021 0.089815
1 0.486458 0.529630 0.041667 0.124074
1 0.503385 0.904167 0.075521 0.087963
1 0.444531 0.840741 0.078646 0.100000
