6 0.360156 0.174537 0.047396 0.130556
6 0.677604 0.124537 0.030208 0.169444
6 0.658333 0.302778 0.096875 0.075926
6 0.803906 0.389815 0.067187 0.109259
6 0.896094 0.174537 0.070312 0.076852
0 0.205208 0.753704 0.065625 0.155556
6 0.328646 0.844444 0.047917 0.172222
1 0.485937 0.534259 0.062500 0.153704
1 0.456250 0.622222 0.057292 0.111111
1 0.520833 0.690278 0.095833 0.086111
1 0.497917 0.796759 0.070833 0.134259
1 0.447656 0.859259 0.078646 0.105556
0 0.741406 0.460648 0.107812 0.147222
0 0.694010 0.619907 0.105729 0.097222
6 0.697656 0.863889 0.098437 0.114815
6 0.889583 0.887500 0.043750 0.139815
6 0.566146 0.892593 0.095833 0.096296
6 0.346354 0.653241 0.095833 0.080556
