0 0.162760 0.503704 0.079687 0.092593
0 0.199740 0.735648 0.052604 0.187963
0 0.747396 0.458796 0.087500 0.154630
0 0.692969 0.616667 0.099479 0.122222
0 0.747656 0.690741 0.114062 0.124074
6 0.651823 0.312500 0.085938 0.084259
6 0.375521 0.154167 0.069792 0.175000
6 0.701562 0.859259 0.086458 0.144444
1 0.497917 0.793056 0.082292 0.141667
1 0.519271 0.483333 0.101042 0.109259
1 0.444010 0.516204 0.079687 0.100926
6 0.919531 0.857407 0.076563 0.109259
6 0.899740 0.211574 0.036979 0.117593
6 0.567708 0.914815 0.096875 0.109259
1 0.520312 0.687037 0.098958 0.062963
