0 0.191406 0.492130 0.070312 0.152778
0 0.201042 0.744907 0.073958 0.187963
0 0.739323 0.456944 0.083854 0.162037
0 0.819531 0.460648 0.070312 0.150926
6 0.395052 0.158333 0.046354 0.166667
6 0.641146 0.044907 0.105208 0.089815
6 0.754948 0.068056 0.068229 0.136111
6 0.690104 0.643981 0.119792 0.080556
6 0.681510 0.887037 0.089063 0.122222
6 0.284896 0.896759 0.039583 0.187963
6 0.352865 0.938426 0.074479 0.087963
6 0.650781 0.337037 0.088021 0.072222
1 0.523177 0.492593 0.076563 0.107407
1 0.451042 0.482870 0.065625 0.091667
1 0.507552 0.631481 0.079687 0.109259
1 0.458073 0.712963 0.077604 0.107407
1 0.460156 0.842130 0.047396 0.121296
6 0.562500 0.913426 0.105208 0.076852
6 0.895833 0.218981 0.029167 0.136111
