3 0.260156 0.346759 0.163021 0.106481
0 0.264062 0.600463 0.101042 0.128704
0 0.200521 0.739815 0.060417 0.164815
6 0.260156 0.916204 0.048438 0.139815
6 0.405729 0.161111 0.065625 0.122222
6 0.796354 0.345833 0.064583 0.117593
6 0.655729 0.319907 0.089583 0.076852
6 0.904687 0.387037 0.043750 0.122222
6 0.898698 0.213889 0.043229 0.112963
6 0.376042 0.915741 0.068750 0.100000
0 0.749479 0.458796 0.089583 0.150926
0 0.505469 0.626389 0.071354 0.115741
0 0.516146 0.715741 0.084375 0.105556
6 0.639062 0.785648 0.056250 0.210185
