0 0.261198 0.599074 0.115104 0.109259
0 0.209635 0.734722 0.074479 0.178704
6 0.375521 0.911111 0.083333 0.098148
6 0.907813 0.384722 0.057292 0.130556
6 0.896094 0.225926 0.038021 0.125926
6 0.793229 0.355556 0.070833 0.112963
6 0.635156 0.390741 0.108854 0.088889
1 0.504167 0.626389 0.088542 0.095370
1 0.498958 0.707870 0.094792 0.093519
1 0.483854 0.790278 0.066667 0.104630
1 0.509115 0.888889 0.113021 0.085185
6 0.249479 0.365741 0.104167 0.103704
6 0.739323 0.104167 0.053646 0.125000
6 0.732292 0.688889 0.087500 0.070370
6 0.714323 0.891667 0.055729 0.181481
6 0.260677 0.920833 0.049479 0.139815
6 0.671094 0.084259 0.077604 0.092593
