6 0.649479 0.167593 0.063542 0.155556
0 0.267708 0.571759 0.130208 0.089815
0 0.267708 0.618519 0.102083 0.068519
0 0.261458 0.689815 0.095833 0.111111
0 0.189583 0.758796 0.034375 0.184259
0 0.165365 0.742130 0.040104 0.154630
1 0.450000 0.603704 0.087500 0.100000
1 0.511719 0.731944 0.081771 0.134259
1 0.425521 0.899537 0.094792 0.097222
0 0.740885 0.431944 0.056771 0.178704
0 0.704688 0.513426 0.103125 0.084259
0 0.684375 0.605093 0.125000 0.091667
0 0.722917 0.671296 0.098958 0.094444
0 0.742448 0.749074 0.075521 0.175926
0 0.804427 0.489352 0.050521 0.089815
6 0.666927 0.906944 0.077604 0.132407
6 0.545833 0.922222 0.063542 0.109259
