0 0.245312 0.576852 0.128125 0.107407
0 0.214323 0.725926 0.047396 0.172222
6 0.251042 0.850926 0.068750 0.168519
6 0.465625 0.198611 0.054167 0.200926
6 0.741927 0.110185 0.058854 0.144444
6 0.642969 0.290278 0.074479 0.075000
6 0.803385 0.374537 0.052604 0.143519
6 0.918490 0.204167 0.044271 0.078704
6 0.899219 0.383333 0.040104 0.114815
6 0.949479 0.400463 0.066667 0.130556
0 0.744271 0.446296 0.095833 0.122222
6 0.733854 0.728704 0.088542 0.120370
6 0.807812 0.775000 0.057292 0.127778
6 0.610417 0.438889 0.097917 0.122222
1 0.454687 0.451389 0.098958 0.093519
1 0.516667 0.637963 0.071875 0.122222
1 0.516146 0.717593 0.086458 0.124074
6 0.630208 0.909259 0.066667 0.162963
