5 0.248177 0.564352 0.074479 0.150926
0 0.207292 0.741204 0.055208 0.156481
1 0.472396 0.445370 0.091667 0.090741
1 0.513802 0.642593 0.075521 0.124074
1 0.513542 0.711574 0.073958 0.128704
1 0.449219 0.736574 0.085938 0.108333
6 0.728125 0.090278 0.059375 0.095370
6 0.658594 0.306481 0.073438 0.072222
6 0.801302 0.339352 0.048438 0.149074
6 0.902865 0.385185 0.045312 0.114815
6 0.659115 0.462037 0.104688 0.103704
0 0.811458 0.475000 0.064583 0.053704
6 0.646615 0.883333 0.077604 0.175926
6 0.377604 0.916667 0.071875 0.074074
6 0.932552 0.244907 0.056771 0.137963
