6 0.146615 0.397685 0.073438 0.067593
6 0.359375 0.165741 0.043750 0.159259
6 0.464844 0.124537 0.070312 0.141667
6 0.728385 0.096759 0.051562 0.113889
6 0.923438 0.241204 0.052083 0.134259
6 0.659635 0.308333 0.073438 0.075926
6 0.902604 0.383796 0.055208 0.132407
6 0.809375 0.358333 0.054167 0.150000
6 0.675781 0.443519 0.083854 0.081481
6 0.717187 0.702315 0.063542 0.236111
1 0.511458 0.712500 0.093750 0.130556
1 0.477344 0.784259 0.053646 0.151852
1 0.492448 0.587500 0.075521 0.082407
0 0.208854 0.723148 0.062500 0.177778
0 0.250000 0.555556 0.092708 0.092593
6 0.378385 0.887963 0.079687 0.101852
6 0.949219 0.868519 0.047396 0.162963
