0 0.255469 0.562500 0.109896 0.075000
0 0.208594 0.730093 0.052604 0.184259
6 0.656771 0.313426 0.081250 0.097222
6 0.736719 0.091204 0.074479 0.082407
6 0.808854 0.362037 0.057292 0.157407
6 0.923698 0.264352 0.049479 0.123148
6 0.899219 0.380556 0.046354 0.105556
0 0.792969 0.482870 0.081771 0.091667
0 0.708333 0.660185 0.097917 0.166667
1 0.495573 0.512500 0.069271 0.132407
1 0.508594 0.611111 0.097396 0.103704
1 0.511979 0.708796 0.088542 0.123148
6 0.510938 0.952778 0.092708 0.066667
6 0.360677 0.907407 0.078646 0.105556
6 0.675781 0.456944 0.081771 0.100926
6 0.264844 0.250926 0.109896 0.111111
6 0.792708 0.818981 0.057292 0.165741
