6 0.649219 0.164815 0.068229 0.157407
0 0.261198 0.550926 0.143229 0.070370
0 0.259635 0.615741 0.109896 0.066667
0 0.256510 0.680093 0.103646 0.112037
0 0.198437 0.736574 0.036458 0.182407
0 0.164323 0.741667 0.035937 0.157407
0 0.740885 0.440741 0.044271 0.175926
0 0.707292 0.509259 0.123958 0.103704
0 0.686198 0.599537 0.140104 0.099074
0 0.749479 0.726852 0.043750 0.205556
0 0.718229 0.710648 0.039583 0.191667
0 0.800781 0.475926 0.051562 0.112963
1 0.464323 0.475926 0.103646 0.074074
1 0.475260 0.593519 0.065104 0.114815
1 0.514583 0.749074 0.111458 0.064815
1 0.511198 0.656944 0.113021 0.073148
1 0.494792 0.891667 0.062500 0.159259
6 0.772135 0.841204 0.117188 0.084259
