6 0.362500 0.170370 0.061458 0.146296
6 0.119010 0.219907 0.042188 0.141667
6 0.706250 0.269907 0.102083 0.099074
6 0.877604 0.203241 0.069792 0.099074
6 0.707812 0.416667 0.092708 0.101852
6 0.662240 0.621759 0.102604 0.063889
6 0.741406 0.759259 0.055729 0.159259
6 0.706771 0.941667 0.056250 0.101852
6 0.923958 0.525926 0.051042 0.066667
0 0.193490 0.494444 0.102604 0.107407
0 0.262240 0.618981 0.115104 0.084259
0 0.201042 0.735648 0.071875 0.156481
0 0.129427 0.895833 0.053646 0.128704
1 0.506250 0.482870 0.092708 0.080556
1 0.506510 0.597685 0.103646 0.095370
1 0.434896 0.686574 0.085417 0.097222
1 0.491406 0.716667 0.081771 0.122222
1 0.492448 0.812963 0.092188 0.116667
