5 0.128906 0.194444 0.078646 0.066667
6 0.313021 0.144907 0.087500 0.075000
6 0.430990 0.280556 0.103646 0.109259
6 0.698177 0.282870 0.101562 0.078704
6 0.302344 0.410648 0.117188 0.078704
0 0.252604 0.629167 0.123958 0.100926
0 0.203646 0.746296 0.077083 0.177778
6 0.147656 0.916667 0.065104 0.112963
1 0.504687 0.597685 0.087500 0.119444
1 0.440625 0.687500 0.092708 0.076852
1 0.463281 0.793981 0.073438 0.154630
0 0.707812 0.539352 0.068750 0.175000
6 0.664844 0.636111 0.107812 0.068519
6 0.915885 0.905093 0.051562 0.121296
