0 0.193490 0.502778 0.086979 0.124074
0 0.250781 0.621759 0.110937 0.104630
0 0.203125 0.745370 0.078125 0.183333
6 0.298698 0.146759 0.107812 0.082407
6 0.627604 0.343056 0.083333 0.099074
6 0.651042 0.632407 0.098958 0.103704
1 0.500000 0.607407 0.075000 0.118519
1 0.435937 0.691667 0.102083 0.075926
1 0.502604 0.792130 0.063542 0.113889
0 0.716927 0.507870 0.106771 0.080556
6 0.267188 0.747222 0.056250 0.175926
6 0.149740 0.909722 0.069271 0.095370
6 0.290885 0.442593 0.103646 0.153704
0 0.787500 0.747222 0.062500 0.153704
