0 0.164583 0.500000 0.031250 0.114815
0 0.210677 0.481481 0.080729 0.112963
0 0.259115 0.555556 0.119271 0.083333
0 0.171875 0.724074 0.051042 0.175926
0 0.725260 0.695370 0.069271 0.172222
6 0.603906 0.703704 0.046354 0.159259
4 0.239323 0.164815 0.105729 0.100000
6 0.259635 0.672685 0.090104 0.087963
6 0.348177 0.617130 0.107812 0.080556
6 0.407552 0.673148 0.045312 0.181481
6 0.316146 0.937500 0.095833 0.089815
6 0.139583 0.868981 0.069792 0.071296
1 0.453385 0.800000 0.046354 0.124074
1 0.472917 0.713426 0.068750 0.086111
1 0.460156 0.462963 0.101562 0.105556
1 0.483333 0.579630 0.063542 0.148148
1 0.472135 0.936111 0.073438 0.105556
6 0.651302 0.734722 0.080729 0.136111
6 0.910156 0.248148 0.046354 0.148148
