0 0.212500 0.469444 0.090625 0.179630
0 0.724219 0.700463 0.073438 0.182407
6 0.132292 0.878704 0.062500 0.059259
6 0.371094 0.909722 0.044271 0.134259
6 0.601302 0.708333 0.051562 0.166667
6 0.616406 0.571759 0.051562 0.193519
6 0.659896 0.706019 0.057292 0.182407
6 0.748177 0.831944 0.050521 0.139815
6 0.240885 0.862963 0.074479 0.148148
6 0.391927 0.568056 0.108854 0.108333
6 0.520573 0.151389 0.071354 0.160185
6 0.901823 0.280556 0.043229 0.120370
1 0.445052 0.465278 0.083854 0.095370
1 0.510677 0.518056 0.114062 0.100926
1 0.490625 0.663426 0.065625 0.143519
1 0.453125 0.802778 0.073958 0.118519
1 0.471354 0.939815 0.059375 0.105556
