0 0.142969 0.481944 0.046354 0.147222
0 0.171875 0.478704 0.046875 0.153704
0 0.218229 0.470370 0.045833 0.198148
0 0.260937 0.593056 0.129167 0.075000
0 0.232292 0.735185 0.053125 0.168519
0 0.721615 0.685648 0.050521 0.191667
0 0.773698 0.728241 0.051562 0.206481
6 0.125521 0.923611 0.076042 0.137963
6 0.905729 0.275000 0.037500 0.120370
6 0.967187 0.280556 0.057292 0.116667
1 0.442708 0.474074 0.090625 0.098148
1 0.536719 0.479167 0.109896 0.095370
1 0.494531 0.588889 0.075521 0.116667
1 0.489583 0.669444 0.063542 0.116667
1 0.480729 0.740278 0.066667 0.125000
6 0.604167 0.702315 0.061458 0.154630
6 0.654167 0.701389 0.052083 0.149074
