0 0.150781 0.489815 0.055729 0.116667
0 0.252083 0.503241 0.092708 0.132407
0 0.200000 0.457870 0.057292 0.163889
6 0.404687 0.276852 0.100000 0.198148
1 0.523177 0.481944 0.094271 0.086111
1 0.499479 0.575926 0.083333 0.105556
1 0.511458 0.878241 0.087500 0.104630
1 0.485937 0.777778 0.064583 0.096296
0 0.744271 0.451389 0.061458 0.200926
0 0.702083 0.535185 0.121875 0.109259
0 0.685156 0.600463 0.109896 0.071296
0 0.701042 0.700000 0.057292 0.162963
0 0.745052 0.738426 0.048438 0.215741
0 0.788281 0.726852 0.046354 0.174074
0 0.809896 0.490278 0.065625 0.102778
0 0.222917 0.717593 0.098958 0.116667
6 0.746354 0.292593 0.132292 0.112963
6 0.782292 0.937037 0.082292 0.111111
6 0.333594 0.806481 0.119271 0.096296
