0 0.173437 0.494907 0.064583 0.132407
0 0.268229 0.545833 0.127083 0.073148
0 0.263542 0.631019 0.121875 0.082407
0 0.225781 0.717130 0.100521 0.132407
4 0.158854 0.855093 0.053125 0.078704
6 0.347656 0.331481 0.117188 0.096296
1 0.478646 0.560185 0.062500 0.181481
1 0.492448 0.720370 0.105729 0.129630
1 0.423177 0.894444 0.106771 0.114815
5 0.561458 0.949537 0.072917 0.093519
0 0.751302 0.722222 0.047396 0.203704
5 0.769271 0.838889 0.092708 0.114815
0 0.804948 0.475000 0.065104 0.100000
0 0.741927 0.446759 0.054688 0.195370
0 0.648177 0.528704 0.086979 0.100000
0 0.697917 0.597685 0.119792 0.126852
6 0.670833 0.732870 0.073958 0.175000
