0 0.138281 0.496296 0.044271 0.129630
0 0.181510 0.476389 0.058854 0.143519
0 0.228906 0.500926 0.068229 0.185185
0 0.231250 0.704167 0.063542 0.193519
0 0.207552 0.685648 0.110937 0.084259
1 0.452604 0.479167 0.092708 0.076852
1 0.490365 0.586111 0.083854 0.100000
1 0.482292 0.665278 0.095833 0.139815
1 0.507812 0.836111 0.093750 0.116667
0 0.722396 0.677315 0.055208 0.189815
0 0.789062 0.722222 0.062500 0.157407
6 0.679427 0.867130 0.113021 0.086111
6 0.614583 0.712500 0.057292 0.149074
6 0.342708 0.906019 0.052083 0.141667
6 0.421875 0.941667 0.083333 0.077778
6 0.873958 0.769444 0.052083 0.166667
6 0.951562 0.817130 0.070833 0.089815
6 0.892708 0.231944 0.041667 0.065741
6 0.967708 0.248148 0.036458 0.124074
6 0.505990 0.119907 0.089063 0.121296
