6 0.254427 0.568056 0.111979 0.078704
6 0.253906 0.637963 0.102604 0.061111
6 0.730469 0.688889 0.077604 0.127778
6 0.697656 0.526852 0.104688 0.092593
1 0.489583 0.675000 0.121875 0.062963
1 0.473438 0.522222 0.091667 0.124074
6 0.329688 0.251852 0.125000 0.074074
6 0.526563 0.250926 0.065625 0.146296
6 0.538802 0.408796 0.051562 0.193519
6 0.446094 0.274537 0.055729 0.136111
6 0.472135 0.328704 0.083854 0.098148
6 0.695573 0.332407 0.082812 0.131481
6 0.642188 0.136111 0.056250 0.179630
6 0.552865 0.132407 0.045312 0.161111
6 0.887500 0.227315 0.037500 0.093519
6 0.807292 0.733796 0.058333 0.106481
