0 0.210677 0.448611 0.040104 0.187963
0 0.260156 0.537500 0.117188 0.097222
0 0.254427 0.637037 0.107812 0.087037
6 0.334635 0.722222 0.102604 0.100000
6 0.158073 0.131019 0.048438 0.125000
6 0.255208 0.217593 0.064583 0.162963
6 0.448177 0.152315 0.109896 0.075000
6 0.414844 0.296759 0.101562 0.073148
6 0.510677 0.321296 0.049479 0.166667
6 0.689323 0.335185 0.080729 0.133333
6 0.620833 0.764352 0.068750 0.176852
6 0.885937 0.334259 0.062500 0.074074
6 0.583594 0.155556 0.056771 0.164815
6 0.886198 0.227315 0.044271 0.086111
0 0.686458 0.604630 0.125000 0.098148
6 0.749740 0.754167 0.077604 0.147222
1 0.465104 0.508796 0.065625 0.150926
1 0.468229 0.821759 0.065625 0.102778
