0 0.186458 0.464352 0.066667 0.186111
0 0.242969 0.646296 0.110937 0.062963
0 0.231771 0.706481 0.103125 0.107407
0 0.173437 0.742130 0.040625 0.189815
1 0.476823 0.502778 0.068229 0.127778
1 0.468229 0.800926 0.057292 0.122222
1 0.441667 0.960648 0.094792 0.078704
0 0.689844 0.606481 0.109896 0.070370
0 0.619792 0.743981 0.060417 0.182407
6 0.692969 0.339352 0.085938 0.141667
6 0.589323 0.149537 0.055729 0.213889
6 0.638542 0.095370 0.061458 0.168519
6 0.465885 0.168519 0.104688 0.100000
6 0.502865 0.303704 0.074479 0.144444
6 0.891667 0.240278 0.033333 0.097222
