0 0.258073 0.570833 0.119271 0.076852
0 0.185417 0.744444 0.042708 0.166667
0 0.228125 0.712963 0.093750 0.111111
0 0.690104 0.610185 0.126042 0.062963
1 0.470052 0.798148 0.049479 0.120370
1 0.478646 0.504167 0.058333 0.145370
6 0.612240 0.222222 0.109896 0.083333
6 0.692708 0.325463 0.066667 0.137963
6 0.609896 0.368981 0.125000 0.075000
6 0.719271 0.422685 0.087500 0.089815
6 0.672917 0.493056 0.123958 0.082407
6 0.802604 0.454167 0.060417 0.102778
6 0.890625 0.239352 0.029167 0.087963
6 0.981250 0.413889 0.027083 0.129630
6 0.958594 0.210648 0.056771 0.091667
6 0.137240 0.097685 0.050521 0.084259
