0 0.239323 0.516667 0.049479 0.166667
0 0.251563 0.636111 0.095833 0.100000
0 0.229167 0.701389 0.097917 0.095370
0 0.182031 0.741204 0.075521 0.126852
0 0.687500 0.593056 0.110417 0.067593
6 0.271615 0.169444 0.083854 0.062963
6 0.716146 0.815741 0.093750 0.118519
6 0.920312 0.793981 0.028125 0.154630
1 0.470052 0.838889 0.045312 0.153704
1 0.518490 0.757870 0.081771 0.097222
1 0.477344 0.611111 0.055729 0.138889
1 0.459896 0.447685 0.094792 0.089815
6 0.723958 0.298611 0.090625 0.084259
6 0.892708 0.238889 0.037500 0.109259
6 0.797917 0.428241 0.055208 0.082407
