0 0.245052 0.589352 0.104688 0.139815
0 0.234896 0.674074 0.114583 0.064815
0 0.205729 0.718519 0.086458 0.100000
0 0.686458 0.593981 0.127083 0.073148
6 0.244271 0.195370 0.095833 0.064815
6 0.726823 0.300926 0.113021 0.068519
6 0.727865 0.401389 0.066146 0.089815
6 0.831250 0.395370 0.067708 0.120370
6 0.769271 0.773611 0.064583 0.137963
1 0.468750 0.853241 0.052083 0.150926
1 0.457292 0.444444 0.057292 0.153704
1 0.255990 0.818981 0.119271 0.050926
1 0.890104 0.243519 0.042708 0.111111
5 0.976042 0.254630 0.032292 0.114815
6 0.129427 0.163889 0.043229 0.151852
4 0.272135 0.119907 0.117188 0.075000
