0 0.232552 0.528704 0.105729 0.068519
0 0.247656 0.643519 0.109896 0.072222
0 0.210156 0.718519 0.097396 0.092593
0 0.690625 0.603241 0.131250 0.080556
4 0.130990 0.161574 0.050521 0.147222
1 0.460677 0.442593 0.074479 0.111111
1 0.464844 0.846296 0.052604 0.168519
6 0.738281 0.404167 0.081771 0.087963
6 0.721094 0.293981 0.109896 0.075000
6 0.810417 0.903241 0.090625 0.060185
6 0.816927 0.438889 0.051562 0.107407
6 0.890625 0.245370 0.037500 0.100000
6 0.967448 0.250000 0.049479 0.131481
6 0.275781 0.112963 0.099479 0.057407
6 0.234375 0.276852 0.087500 0.087037
