6 0.389583 0.129167 0.091667 0.097222
6 0.712760 0.293056 0.106771 0.062037
6 0.767188 0.047222 0.066667 0.066667
6 0.971094 0.253704 0.045312 0.109259
6 0.893750 0.212500 0.039583 0.091667
6 0.803125 0.900463 0.061458 0.062037
0 0.236979 0.689815 0.098958 0.061111
0 0.189583 0.724074 0.088542 0.114815
0 0.686979 0.599537 0.111458 0.076852
1 0.459115 0.444907 0.079687 0.137963
1 0.509115 0.817130 0.098437 0.067593
1 0.457292 0.888889 0.065625 0.150000
6 0.553385 0.931944 0.110937 0.104630
6 0.759115 0.382870 0.084896 0.084259
6 0.818490 0.425926 0.056771 0.109259
6 0.209115 0.477315 0.097396 0.149074
