0 0.185938 0.463889 0.063542 0.175926
0 0.249479 0.693519 0.087500 0.088889
0 0.197396 0.721296 0.064583 0.131481
0 0.691406 0.595833 0.113021 0.080556
1 0.464062 0.434722 0.059375 0.119444
1 0.492448 0.718519 0.071354 0.153704
6 0.715365 0.294907 0.114062 0.076852
6 0.826562 0.409722 0.094792 0.095370
6 0.889062 0.231944 0.036458 0.091667
6 0.970833 0.258333 0.034375 0.111111
6 0.764323 0.044907 0.046354 0.082407
6 0.575781 0.920370 0.108854 0.109259
6 0.843229 0.905556 0.081250 0.109259
6 0.782292 0.704167 0.101042 0.089815
6 0.247135 0.308796 0.072396 0.137963
