6 0.121875 0.187963 0.038542 0.125926
6 0.697656 0.609722 0.040104 0.197222
6 0.618490 0.577778 0.101562 0.094444
6 0.945573 0.549537 0.058854 0.076852
6 0.866667 0.429630 0.061458 0.109259
6 0.891667 0.221296 0.027083 0.090741
6 0.966146 0.255556 0.033333 0.116667
6 0.785417 0.823148 0.098958 0.062963
6 0.210417 0.913889 0.093750 0.088889
0 0.189062 0.471296 0.055208 0.168519
0 0.257552 0.561574 0.114062 0.087963
0 0.237760 0.700926 0.106771 0.096296
0 0.194010 0.725000 0.090104 0.109259
1 0.466927 0.431944 0.074479 0.136111
1 0.443229 0.630556 0.059375 0.122222
1 0.501042 0.754167 0.060417 0.132407
1 0.504167 0.863889 0.096875 0.125926
