0 0.192708 0.471296 0.060417 0.150000
0 0.252865 0.571759 0.115104 0.086111
0 0.207292 0.718056 0.063542 0.137963
6 0.119531 0.186574 0.043229 0.139815
6 0.686458 0.339815 0.080208 0.151852
6 0.647135 0.110185 0.091146 0.070370
6 0.892188 0.166667 0.082292 0.075926
6 0.967708 0.258333 0.040625 0.122222
6 0.969271 0.366204 0.045833 0.076852
6 0.846615 0.892593 0.042188 0.157407
1 0.466406 0.428241 0.073438 0.139815
1 0.451042 0.628241 0.073958 0.160185
1 0.500000 0.752315 0.056250 0.143519
0 0.780208 0.458796 0.058333 0.165741
