0 0.221615 0.493981 0.104688 0.080556
0 0.246354 0.684259 0.093750 0.118519
0 0.702604 0.507407 0.112500 0.114815
0 0.787240 0.443519 0.042188 0.166667
0 0.785677 0.728241 0.043229 0.141667
6 0.684635 0.327778 0.042188 0.179630
1 0.509375 0.481944 0.093750 0.097222
1 0.417708 0.453704 0.087500 0.064815
1 0.494010 0.647685 0.058854 0.152778
1 0.494010 0.900463 0.084896 0.091667
6 0.394531 0.545833 0.103646 0.087963
6 0.734896 0.723148 0.050000 0.162963
6 0.631250 0.620833 0.096875 0.076852
6 0.145833 0.161111 0.035417 0.153704
