6 0.148177 0.190741 0.038021 0.177778
6 0.183594 0.153241 0.072396 0.112037
6 0.674479 0.329630 0.052083 0.179630
6 0.370052 0.291204 0.102604 0.106481
6 0.370052 0.782870 0.104688 0.078704
6 0.403385 0.914352 0.078646 0.078704
0 0.182292 0.461574 0.064583 0.191667
0 0.254948 0.557870 0.082812 0.134259
0 0.201563 0.711574 0.075000 0.128704
0 0.789323 0.443519 0.042188 0.166667
0 0.692969 0.524074 0.120313 0.070370
0 0.699219 0.678241 0.047396 0.187963
0 0.781250 0.725000 0.054167 0.159259
0 0.447656 0.592130 0.070312 0.134259
6 0.943490 0.891667 0.040104 0.166667
1 0.489844 0.809722 0.068229 0.136111
1 0.512500 0.479167 0.089583 0.091667
