6 0.135937 0.284259 0.064583 0.124074
0 0.255729 0.543981 0.097917 0.115741
0 0.209115 0.725000 0.073438 0.124074
0 0.697917 0.533333 0.123958 0.101852
0 0.708073 0.686111 0.085938 0.168519
0 0.780729 0.726852 0.039583 0.181481
6 0.814844 0.882870 0.111979 0.076852
6 0.679427 0.325926 0.038021 0.164815
6 0.296875 0.767130 0.046875 0.189815
6 0.939583 0.800926 0.026042 0.125926
1 0.510417 0.474074 0.091667 0.090741
1 0.485937 0.578704 0.054167 0.100000
1 0.518229 0.708796 0.084375 0.084259
1 0.485417 0.813426 0.063542 0.128704
6 0.404687 0.918981 0.073958 0.086111
