0 0.254948 0.518981 0.108854 0.065741
0 0.191146 0.718519 0.055208 0.118519
6 0.655729 0.330556 0.076042 0.124074
6 0.767188 0.862963 0.066667 0.170370
6 0.836719 0.404167 0.089063 0.076852
6 0.609896 0.888889 0.094792 0.100000
6 0.921354 0.835185 0.030208 0.122222
0 0.721875 0.494907 0.101042 0.086111
6 0.712240 0.686574 0.105729 0.125000
6 0.117969 0.248148 0.038021 0.116667
1 0.473438 0.533796 0.059375 0.128704
1 0.517708 0.611111 0.085417 0.064815
1 0.473438 0.735648 0.061458 0.163889
1 0.480990 0.882870 0.050521 0.126852
