6 0.120573 0.214815 0.081771 0.103704
6 0.660677 0.331019 0.077604 0.141667
6 0.716146 0.500000 0.069792 0.092593
6 0.753385 0.743981 0.045312 0.128704
6 0.662240 0.872685 0.052604 0.139815
6 0.757031 0.914815 0.078646 0.066667
6 0.315885 0.930556 0.083854 0.111111
1 0.484375 0.558796 0.055208 0.139815
1 0.460677 0.718056 0.080729 0.134259
1 0.436458 0.852778 0.084375 0.100000
1 0.504167 0.916667 0.088542 0.124074
0 0.153125 0.498148 0.054167 0.114815
0 0.250000 0.587037 0.107292 0.098148
0 0.244271 0.673611 0.097917 0.086111
0 0.214583 0.736111 0.088542 0.166667
0 0.714063 0.692593 0.089583 0.151852
0 0.142187 0.944444 0.084375 0.064815
