0 0.158854 0.502778 0.061458 0.101852
0 0.248438 0.589352 0.095833 0.086111
0 0.209635 0.744907 0.078646 0.141667
0 0.688021 0.639352 0.117708 0.082407
0 0.775260 0.713889 0.044271 0.170370
6 0.665365 0.333333 0.068229 0.133333
6 0.675260 0.804630 0.082812 0.092593
1 0.474740 0.583333 0.068229 0.144444
1 0.519271 0.673611 0.094792 0.093519
1 0.445052 0.750926 0.095312 0.075926
1 0.491406 0.914352 0.097396 0.086111
6 0.737500 0.927315 0.085417 0.119444
6 0.329688 0.685648 0.098958 0.095370
6 0.331771 0.914815 0.088542 0.105556
