0 0.252604 0.614352 0.123958 0.082407
0 0.768750 0.454167 0.085417 0.126852
0 0.786719 0.697222 0.057812 0.164815
6 0.171875 0.764352 0.089583 0.069444
6 0.212760 0.864352 0.048438 0.187963
6 0.230729 0.706019 0.064583 0.139815
6 0.295312 0.750000 0.084375 0.101852
6 0.277604 0.828241 0.085417 0.147222
6 0.260937 0.870370 0.068750 0.162963
6 0.922396 0.245370 0.042708 0.125926
0 0.246875 0.499074 0.096875 0.109259
1 0.513281 0.478241 0.113021 0.086111
1 0.458854 0.486574 0.060417 0.130556
1 0.445573 0.602315 0.096354 0.086111
1 0.497656 0.632870 0.077604 0.136111
1 0.451562 0.800463 0.075000 0.130556
1 0.487760 0.932870 0.076563 0.115741
4 0.104688 0.232870 0.066667 0.128704
