0 0.721615 0.480556 0.115104 0.103704
4 0.105729 0.227315 0.032292 0.143519
0 0.234375 0.489815 0.071875 0.162963
0 0.261719 0.593519 0.101562 0.107407
0 0.247135 0.701389 0.078646 0.080556
0 0.165885 0.730556 0.049479 0.116667
0 0.793750 0.708796 0.055208 0.145370
1 0.503906 0.485648 0.110937 0.078704
1 0.426823 0.547222 0.043229 0.170370
1 0.472396 0.568981 0.065625 0.152778
1 0.484375 0.934722 0.100000 0.095370
6 0.215885 0.838889 0.042188 0.164815
6 0.922135 0.222222 0.046354 0.107407
5 0.982812 0.292130 0.034375 0.093519
6 0.660937 0.716204 0.100000 0.137963
