0 0.156771 0.503241 0.076042 0.078704
0 0.221094 0.492593 0.075521 0.157407
0 0.247396 0.667593 0.115625 0.120370
0 0.182812 0.741204 0.063542 0.202778
1 0.516667 0.468056 0.097917 0.086111
1 0.457813 0.576852 0.066667 0.125926
1 0.510938 0.633796 0.088542 0.076852
1 0.497135 0.701389 0.080729 0.084259
1 0.456250 0.790278 0.053125 0.121296
1 0.495052 0.856481 0.078646 0.100000
1 0.426823 0.903241 0.088021 0.075000
0 0.719271 0.668519 0.061458 0.161111
0 0.814063 0.481944 0.083333 0.093519
6 0.669271 0.486574 0.096875 0.130556
0 0.799740 0.677778 0.081771 0.114815
6 0.484375 0.225000 0.117708 0.074074
