6 0.464062 0.231944 0.100000 0.084259
0 0.252083 0.592593 0.114583 0.105556
1 0.510677 0.470370 0.114062 0.077778
1 0.453646 0.589815 0.066667 0.125926
1 0.511979 0.638889 0.086458 0.077778
1 0.493490 0.720370 0.090104 0.111111
1 0.463281 0.798611 0.043229 0.137963
1 0.430729 0.905556 0.091667 0.105556
6 0.675781 0.493981 0.085938 0.141667
0 0.723698 0.670370 0.074479 0.157407
0 0.816146 0.681019 0.093750 0.100926
0 0.821615 0.483796 0.082812 0.078704
0 0.577604 0.924537 0.103125 0.093519
0 0.278125 0.887037 0.084375 0.161111
6 0.129948 0.172685 0.052604 0.134259
