0 0.197135 0.735648 0.039062 0.169444
0 0.258073 0.593981 0.113021 0.126852
0 0.713802 0.687963 0.054688 0.172222
0 0.755208 0.728241 0.036458 0.202778
0 0.807812 0.688889 0.065625 0.112963
0 0.816927 0.485648 0.075521 0.113889
6 0.462240 0.230093 0.101562 0.087963
6 0.391667 0.711574 0.104167 0.089815
6 0.658073 0.483796 0.048438 0.212037
6 0.596094 0.760648 0.077604 0.145370
6 0.594792 0.906481 0.112500 0.107407
6 0.705990 0.169444 0.049479 0.177778
6 0.957031 0.235648 0.053646 0.091667
1 0.513021 0.467130 0.094792 0.080556
1 0.453125 0.568981 0.093750 0.069444
1 0.513542 0.632870 0.085417 0.075000
1 0.459115 0.939815 0.045312 0.112963
