0 0.247396 0.552778 0.100000 0.090741
0 0.730208 0.467593 0.100000 0.150000
0 0.730208 0.693056 0.063542 0.191667
0 0.800260 0.682870 0.082812 0.100926
6 0.253906 0.848611 0.110937 0.106481
6 0.709635 0.164815 0.074479 0.150000
6 0.516146 0.465278 0.103125 0.076852
0 0.462760 0.571759 0.052604 0.128704
0 0.512760 0.634259 0.103646 0.103704
0 0.497656 0.787500 0.081771 0.095370
6 0.295312 0.656944 0.094792 0.145370
0 0.459635 0.929630 0.042188 0.112963
6 0.447656 0.087500 0.072396 0.089815
6 0.866927 0.844444 0.068229 0.111111
6 0.893750 0.949537 0.067708 0.093519
