0 0.224219 0.488426 0.077604 0.123148
0 0.233854 0.690741 0.070833 0.148148
6 0.495833 0.139815 0.125000 0.107407
6 0.508594 0.279630 0.111979 0.096296
6 0.686979 0.151389 0.091667 0.141667
6 0.608073 0.394444 0.108854 0.122222
6 0.570052 0.725463 0.083854 0.086111
6 0.635156 0.750926 0.078646 0.172222
0 0.729688 0.719444 0.062500 0.162963
0 0.740885 0.461574 0.098437 0.141667
5 0.169792 0.296759 0.063542 0.099074
5 0.175000 0.170370 0.089583 0.068519
5 0.905990 0.214815 0.047396 0.061111
6 0.189062 0.965278 0.043750 0.069444
1 0.517188 0.548611 0.101042 0.071296
1 0.485937 0.694444 0.040625 0.138889
1 0.446094 0.771296 0.097396 0.070370
1 0.460156 0.873611 0.045312 0.115741
