0 0.202083 0.723148 0.055208 0.098148
0 0.251042 0.563889 0.082292 0.162963
0 0.699479 0.533333 0.090625 0.155556
0 0.778906 0.714815 0.051562 0.153704
6 0.917448 0.225926 0.050521 0.064815
6 0.934375 0.443981 0.066667 0.084259
6 0.607292 0.437963 0.057292 0.181481
6 0.579167 0.612037 0.091667 0.090741
6 0.288802 0.843519 0.081771 0.105556
0 0.150781 0.474074 0.043229 0.155556
1 0.451562 0.453241 0.094792 0.082407
1 0.514062 0.553704 0.101042 0.079630
1 0.446615 0.615741 0.091146 0.094444
1 0.442448 0.764352 0.074479 0.091667
1 0.466406 0.862037 0.045312 0.092593
1 0.502604 0.934722 0.095833 0.095370
