0 0.153646 0.487037 0.071875 0.111111
0 0.256510 0.609259 0.097396 0.118519
0 0.194531 0.723611 0.052604 0.139815
6 0.686198 0.237500 0.107812 0.065741
6 0.608854 0.446296 0.077083 0.161111
6 0.712760 0.575463 0.074479 0.143519
6 0.701302 0.669907 0.079687 0.089815
6 0.209635 0.381019 0.108854 0.084259
6 0.860417 0.912037 0.065625 0.096296
1 0.501563 0.567130 0.106250 0.106481
1 0.447396 0.642593 0.096875 0.074074
1 0.463021 0.737963 0.061458 0.111111
1 0.520573 0.828241 0.073438 0.086111
1 0.463802 0.870370 0.044271 0.116667
1 0.509375 0.938889 0.091667 0.118519
0 0.776302 0.710648 0.068229 0.126852
