0 0.260677 0.632407 0.133854 0.053704
0 0.248958 0.516204 0.070833 0.143519
0 0.717708 0.670370 0.103125 0.068519
0 0.786979 0.433796 0.035417 0.204630
0 0.744792 0.437500 0.058333 0.200926
0 0.719271 0.483796 0.061458 0.182407
1 0.446615 0.484722 0.102604 0.069444
1 0.474740 0.557870 0.044271 0.084259
1 0.450000 0.807407 0.057292 0.120370
6 0.454687 0.318981 0.086458 0.100926
5 0.906250 0.935185 0.036458 0.057407
5 0.663802 0.705093 0.081771 0.145370
5 0.941927 0.516204 0.039062 0.132407
6 0.831250 0.282407 0.065625 0.174074
