0 0.239844 0.533333 0.076563 0.124074
0 0.257031 0.642593 0.123437 0.055556
0 0.212760 0.723611 0.054688 0.139815
0 0.739844 0.715741 0.035937 0.209259
0 0.782552 0.682407 0.049479 0.111111
0 0.770312 0.461574 0.058333 0.145370
1 0.487240 0.525926 0.045312 0.131481
1 0.505208 0.801852 0.064583 0.112963
1 0.468229 0.636574 0.059375 0.078704
6 0.629427 0.923611 0.111979 0.069444
6 0.729167 0.321759 0.063542 0.160185
6 0.824479 0.218519 0.062500 0.072222
6 0.306510 0.923148 0.076563 0.114815
6 0.617708 0.822685 0.092708 0.121296
1 0.514583 0.696759 0.085417 0.078704
