0 0.184635 0.462500 0.052604 0.189815
0 0.215365 0.481944 0.041146 0.186111
0 0.237500 0.530556 0.085417 0.150000
0 0.246094 0.628241 0.106771 0.076852
0 0.230990 0.716204 0.072396 0.145370
0 0.206771 0.742593 0.068750 0.120370
0 0.772917 0.458796 0.061458 0.139815
0 0.700000 0.650926 0.093750 0.111111
1 0.527083 0.540278 0.090625 0.065741
1 0.522656 0.609259 0.101562 0.068519
1 0.509635 0.686574 0.079687 0.071296
1 0.502083 0.802778 0.060417 0.146296
6 0.556510 0.287963 0.046354 0.174074
6 0.646615 0.329167 0.067187 0.130556
6 0.914323 0.773148 0.046354 0.124074
6 0.914583 0.340278 0.063542 0.075000
6 0.842708 0.197222 0.054167 0.075926
6 0.682813 0.887037 0.067708 0.161111
6 0.981250 0.773611 0.037500 0.080556
