0 0.219792 0.489352 0.038542 0.212037
0 0.245312 0.528704 0.061458 0.142593
0 0.258073 0.642593 0.104688 0.062963
0 0.239844 0.730093 0.072396 0.126852
6 0.316146 0.240278 0.055208 0.150926
6 0.425521 0.201852 0.056250 0.162963
6 0.646615 0.334259 0.057812 0.148148
6 0.826042 0.366204 0.085417 0.080556
6 0.982812 0.804630 0.032292 0.133333
0 0.771094 0.456481 0.076563 0.109259
0 0.690104 0.656019 0.083333 0.128704
0 0.730990 0.697222 0.042188 0.164815
1 0.443750 0.470370 0.090625 0.070370
1 0.425521 0.565278 0.054167 0.141667
1 0.510417 0.546759 0.097917 0.078704
1 0.517708 0.609259 0.085417 0.057407
1 0.491927 0.697222 0.093229 0.075926
1 0.442448 0.786574 0.070312 0.097222
1 0.469792 0.867130 0.038542 0.128704
6 0.826562 0.770833 0.058333 0.143519
