0 0.187500 0.466667 0.088542 0.170370
0 0.230990 0.544907 0.084896 0.154630
0 0.258854 0.636111 0.122917 0.061111
0 0.232813 0.706944 0.070833 0.134259
6 0.375521 0.557407 0.055208 0.164815
6 0.326042 0.921296 0.057292 0.153704
6 0.187500 0.958796 0.070833 0.082407
6 0.920573 0.219444 0.046354 0.066667
6 0.642969 0.328241 0.048438 0.136111
6 0.729427 0.833333 0.053646 0.150000
6 0.577604 0.212037 0.105208 0.112963
1 0.514062 0.544907 0.094792 0.082407
1 0.517708 0.617593 0.091667 0.062963
1 0.502344 0.701852 0.077604 0.109259
1 0.451562 0.769907 0.054167 0.084259
1 0.501042 0.868981 0.105208 0.082407
6 0.656771 0.915741 0.081250 0.085185
6 0.394010 0.944444 0.078646 0.072222
