0 0.190104 0.475000 0.063542 0.183333
0 0.239323 0.524074 0.077604 0.131481
0 0.251563 0.637037 0.104167 0.059259
0 0.220833 0.717593 0.056250 0.124074
0 0.718229 0.477778 0.108333 0.112963
0 0.703646 0.637963 0.122917 0.068519
6 0.644271 0.325463 0.060417 0.152778
1 0.510156 0.484722 0.100521 0.065741
1 0.457031 0.517130 0.053646 0.123148
1 0.448958 0.652315 0.065625 0.132407
1 0.458594 0.764352 0.070312 0.091667
1 0.502083 0.861111 0.098958 0.090741
6 0.938021 0.201389 0.065625 0.073148
6 0.391146 0.173148 0.060417 0.170370
6 0.399740 0.931944 0.085938 0.086111
