0 0.194531 0.471296 0.066146 0.183333
0 0.245052 0.521296 0.086979 0.118519
0 0.257031 0.627315 0.123437 0.075000
0 0.208854 0.734259 0.064583 0.170370
0 0.710156 0.486574 0.088021 0.130556
0 0.725260 0.697685 0.043229 0.191667
6 0.852865 0.737500 0.058854 0.058333
6 0.580208 0.307407 0.071875 0.170370
6 0.644531 0.328241 0.047396 0.147222
6 0.424479 0.299074 0.127083 0.068519
6 0.947135 0.202778 0.069271 0.064815
1 0.505469 0.448611 0.043229 0.130556
1 0.509115 0.605093 0.052604 0.145370
1 0.491406 0.689352 0.073438 0.130556
1 0.500000 0.856019 0.084375 0.091667
6 0.362500 0.846759 0.091667 0.119444
6 0.910156 0.478241 0.046354 0.078704
