0 0.205729 0.471296 0.062500 0.214815
0 0.242448 0.723148 0.051562 0.155556
0 0.181510 0.753704 0.040104 0.177778
0 0.686198 0.602778 0.138021 0.101852
0 0.760156 0.443519 0.080729 0.151852
1 0.462760 0.415741 0.086979 0.079630
1 0.495833 0.478241 0.096875 0.082407
1 0.484896 0.675463 0.066667 0.132407
1 0.505729 0.867593 0.097917 0.096296
6 0.649219 0.323611 0.076563 0.099074
6 0.582031 0.312037 0.075521 0.153704
6 0.941927 0.203241 0.071354 0.080556
6 0.397135 0.941667 0.080729 0.094444
6 0.851302 0.739352 0.075521 0.099074
