0 0.691146 0.581481 0.126042 0.070370
0 0.712240 0.455093 0.067187 0.189815
0 0.793750 0.688426 0.063542 0.128704
6 0.580208 0.311574 0.071875 0.139815
6 0.645573 0.202778 0.055729 0.175926
6 0.654687 0.792130 0.093750 0.078704
6 0.940104 0.250000 0.069792 0.081481
1 0.482812 0.431944 0.056250 0.147222
1 0.456771 0.576852 0.094792 0.107407
1 0.484896 0.672222 0.052083 0.122222
1 0.435417 0.756481 0.092708 0.064815
1 0.496094 0.807407 0.104688 0.077778
1 0.476823 0.955093 0.048438 0.071296
0 0.215365 0.493981 0.047396 0.191667
0 0.238802 0.691667 0.074479 0.164815
0 0.168229 0.762500 0.060417 0.156481
6 0.358333 0.434722 0.093750 0.102778
