6 0.152865 0.357407 0.045312 0.159259
6 0.186979 0.258796 0.043750 0.180556
6 0.258594 0.148611 0.085938 0.143519
6 0.326562 0.859259 0.072917 0.087037
4 0.341146 0.938889 0.061458 0.064815
4 0.420573 0.926389 0.080729 0.075000
0 0.771354 0.296759 0.062500 0.237963
0 0.849219 0.383333 0.075521 0.114815
6 0.718750 0.507870 0.092708 0.076852
6 0.490885 0.350463 0.054688 0.180556
0 0.248438 0.350463 0.091667 0.187963
0 0.298438 0.515278 0.122917 0.080556
2 0.836198 0.116204 0.071354 0.139815
2 0.882552 0.070833 0.055729 0.141667
2 0.932812 0.168519 0.059375 0.133333
2 0.964323 0.146296 0.053646 0.120370
