0 0.191927 0.382870 0.073438 0.095370
0 0.296354 0.425000 0.110417 0.111111
0 0.288802 0.514815 0.118229 0.055556
0 0.764583 0.286111 0.055208 0.220370
0 0.831771 0.345833 0.060417 0.171296
6 0.186979 0.205556 0.053125 0.166667
6 0.199740 0.288426 0.141146 0.047222
6 0.946354 0.297685 0.064583 0.093519
6 0.787240 0.693519 0.052604 0.088889
6 0.343229 0.863426 0.063542 0.078704
6 0.680990 0.433796 0.114062 0.082407
2 0.829167 0.132870 0.063542 0.189815
2 0.882031 0.080093 0.052604 0.145370
2 0.932812 0.162037 0.037500 0.148148
2 0.967187 0.136111 0.059375 0.103704
2 0.963281 0.052778 0.049479 0.094444
