0 0.276302 0.380556 0.104688 0.166667
0 0.281250 0.521296 0.118750 0.061111
0 0.805990 0.301852 0.036979 0.235185
0 0.746875 0.518056 0.066667 0.132407
6 0.540365 0.362963 0.130729 0.094444
6 0.571094 0.818981 0.059896 0.182407
6 0.969531 0.602778 0.048438 0.101852
2 0.825781 0.133333 0.050521 0.174074
2 0.883073 0.067130 0.046354 0.134259
2 0.938542 0.185648 0.050000 0.134259
2 0.959115 0.106481 0.047396 0.185185
6 0.330729 0.844907 0.062500 0.091667
6 0.966146 0.360185 0.035417 0.183333
6 0.152604 0.335185 0.055208 0.122222
