0 0.293229 0.432870 0.098958 0.115741
0 0.804427 0.301389 0.066146 0.200926
6 0.530208 0.124074 0.062500 0.168519
6 0.941406 0.660648 0.054688 0.095370
6 0.966667 0.529630 0.023958 0.112963
6 0.698177 0.424537 0.077604 0.093519
5 0.824479 0.869907 0.060417 0.080556
6 0.324740 0.845833 0.046354 0.086111
2 0.829167 0.112963 0.059375 0.168519
2 0.884115 0.077778 0.052604 0.155556
2 0.933073 0.153241 0.041146 0.115741
2 0.972917 0.065278 0.034375 0.126852
2 0.973437 0.225926 0.037500 0.150000
4 0.700000 0.815278 0.033333 0.125000
