0 0.245312 0.367130 0.087500 0.093519
0 0.297917 0.458796 0.117708 0.082407
0 0.788281 0.294907 0.046354 0.184259
0 0.739062 0.518056 0.066667 0.132407
6 0.515625 0.143056 0.078125 0.139815
6 0.795833 0.675463 0.069792 0.075000
4 0.703125 0.818981 0.048958 0.113889
4 0.670312 0.854630 0.066667 0.118519
5 0.832812 0.872685 0.066667 0.071296
2 0.826042 0.125463 0.059375 0.165741
2 0.884896 0.077778 0.060417 0.155556
2 0.935417 0.162037 0.040625 0.124074
2 0.967448 0.127315 0.045312 0.117593
2 0.974219 0.053704 0.051562 0.103704
6 0.119010 0.249074 0.048438 0.161111
