0 0.226823 0.362037 0.064062 0.168519
0 0.300000 0.464815 0.119792 0.105556
6 0.114323 0.261574 0.036979 0.132407
6 0.315885 0.191667 0.077604 0.172222
6 0.526042 0.171296 0.064583 0.185185
0 0.716406 0.379630 0.109896 0.111111
6 0.325521 0.838426 0.054167 0.078704
4 0.703125 0.831481 0.057292 0.107407
4 0.659896 0.860185 0.057292 0.107407
6 0.825521 0.747222 0.062500 0.100000
2 0.823177 0.116667 0.049479 0.157407
2 0.884635 0.073611 0.049479 0.147222
2 0.901042 0.187037 0.062500 0.116667
2 0.928385 0.151389 0.046354 0.099074
2 0.963281 0.140741 0.055729 0.112963
6 0.215625 0.078704 0.070833 0.072222
