0 0.212240 0.339815 0.053646 0.212963
0 0.252604 0.355556 0.065625 0.174074
0 0.727865 0.346759 0.130729 0.087963
6 0.552344 0.263426 0.104688 0.128704
6 0.447396 0.369907 0.129167 0.123148
6 0.336458 0.840278 0.062500 0.071296
6 0.120833 0.260648 0.058333 0.149074
6 0.210156 0.078241 0.079687 0.087963
0 0.842708 0.353241 0.044792 0.147222
6 0.800781 0.680093 0.071354 0.137963
4 0.659375 0.846759 0.056250 0.112037
4 0.695052 0.815278 0.055729 0.089815
6 0.936458 0.770370 0.042708 0.107407
2 0.825781 0.112037 0.046354 0.198148
2 0.894531 0.068981 0.049479 0.137963
2 0.891667 0.178241 0.061458 0.141667
2 0.934896 0.152315 0.031250 0.125000
2 0.969271 0.142593 0.045833 0.124074
2 0.959635 0.030556 0.056771 0.061111
