6 0.123958 0.250463 0.062500 0.139815
6 0.216146 0.103241 0.055208 0.149074
0 0.295312 0.484259 0.088542 0.111111
0 0.705208 0.404630 0.126042 0.114815
6 0.524219 0.498148 0.054688 0.183333
6 0.342187 0.832407 0.067708 0.062963
6 0.666927 0.677315 0.055729 0.132407
6 0.846354 0.712500 0.083333 0.080556
6 0.722396 0.561574 0.037500 0.195370
4 0.695573 0.820833 0.044271 0.104630
4 0.660677 0.855556 0.051562 0.109259
2 0.822135 0.112500 0.049479 0.193519
2 0.888021 0.076852 0.062500 0.153704
2 0.890625 0.181019 0.069792 0.139815
2 0.934115 0.156019 0.043229 0.139815
2 0.964844 0.129167 0.052604 0.147222
