6 0.119010 0.250000 0.048438 0.151852
6 0.213802 0.100463 0.052604 0.175000
0 0.240104 0.381944 0.120833 0.139815
0 0.708594 0.405093 0.108854 0.086111
6 0.490885 0.112963 0.108854 0.075926
6 0.527604 0.478704 0.097917 0.122222
6 0.340885 0.831481 0.072396 0.061111
6 0.761458 0.298148 0.061458 0.120370
6 0.824740 0.746296 0.084896 0.090741
4 0.659115 0.854630 0.046354 0.096296
4 0.702604 0.836111 0.056250 0.112963
2 0.819010 0.102315 0.053646 0.189815
2 0.881510 0.068056 0.055729 0.136111
2 0.887760 0.183333 0.051562 0.116667
2 0.939583 0.162037 0.034375 0.120370
2 0.966667 0.137037 0.042708 0.109259
