6 0.113802 0.242130 0.054688 0.139815
6 0.209115 0.111111 0.090104 0.175926
0 0.250521 0.342593 0.085417 0.168519
0 0.760417 0.286574 0.063542 0.208333
0 0.716146 0.400463 0.134375 0.099074
6 0.337760 0.837963 0.070312 0.066667
6 0.691146 0.501852 0.085417 0.088889
6 0.625000 0.242593 0.086458 0.170370
2 0.814844 0.105556 0.075521 0.168519
2 0.886719 0.064352 0.053646 0.128704
2 0.892188 0.169907 0.062500 0.143519
2 0.934115 0.155093 0.049479 0.119444
2 0.965104 0.124537 0.059375 0.134259
4 0.702865 0.825926 0.046354 0.118519
