0 0.274219 0.395833 0.119271 0.097222
0 0.291406 0.506019 0.110937 0.080556
0 0.780729 0.313889 0.057292 0.175926
0 0.723698 0.481944 0.110937 0.100926
6 0.180469 0.239352 0.068229 0.152778
6 0.142708 0.264352 0.039583 0.149074
6 0.112500 0.321759 0.053125 0.137963
6 0.120052 0.131944 0.046354 0.069444
6 0.663802 0.684259 0.061979 0.111111
5 0.885417 0.704167 0.061458 0.089815
4 0.695573 0.843056 0.056771 0.091667
6 0.607812 0.927315 0.068750 0.130556
2 0.826042 0.109259 0.055208 0.175926
2 0.882292 0.078241 0.062500 0.149074
2 0.935937 0.168519 0.039583 0.114815
2 0.957812 0.182870 0.032292 0.136111
2 0.978385 0.115741 0.043229 0.170370
5 0.917708 0.397685 0.037500 0.139815
6 0.428385 0.867593 0.040104 0.111111
