0 0.272135 0.397222 0.104688 0.066667
0 0.280729 0.481944 0.087500 0.125000
0 0.782813 0.312963 0.053125 0.155556
0 0.753906 0.529630 0.076563 0.109259
6 0.371875 0.567130 0.096875 0.145370
6 0.114583 0.075463 0.057292 0.132407
6 0.142187 0.268981 0.050000 0.147222
6 0.955729 0.515741 0.030208 0.111111
5 0.890104 0.696296 0.068750 0.109259
6 0.670312 0.690741 0.075000 0.127778
6 0.465104 0.668519 0.059375 0.179630
6 0.419271 0.875463 0.032292 0.099074
4 0.697656 0.827315 0.048438 0.091667
2 0.821094 0.113889 0.053646 0.205556
2 0.887760 0.070833 0.047396 0.141667
2 0.934896 0.166667 0.029167 0.138889
2 0.962240 0.181944 0.047396 0.123148
2 0.977865 0.119907 0.044271 0.186111
