6 0.137760 0.263426 0.051562 0.117593
0 0.237240 0.388889 0.075521 0.125926
0 0.781250 0.309259 0.062500 0.177778
5 0.887760 0.710648 0.049479 0.084259
6 0.515104 0.778704 0.105208 0.090741
6 0.425521 0.910648 0.032292 0.086111
6 0.666667 0.685185 0.061458 0.109259
6 0.815885 0.804630 0.051562 0.068519
6 0.607812 0.936574 0.075000 0.126852
4 0.690885 0.824074 0.053646 0.111111
2 0.829688 0.106944 0.060417 0.195370
2 0.891146 0.086111 0.054167 0.172222
2 0.938021 0.163889 0.045833 0.170370
2 0.965625 0.189815 0.040625 0.168519
2 0.980729 0.110185 0.038542 0.170370
6 0.964844 0.528704 0.040104 0.114815
