0 0.245052 0.594907 0.119271 0.121296
0 0.151823 0.706944 0.051562 0.130556
0 0.714844 0.624537 0.110937 0.095370
1 0.417708 0.515741 0.093750 0.111111
1 0.503385 0.670833 0.079687 0.145370
0 0.739844 0.440741 0.082812 0.164815
1 0.459635 0.800000 0.080729 0.109259
1 0.479427 0.964352 0.077604 0.067593
0 0.771094 0.720370 0.052604 0.237037
6 0.909635 0.206481 0.051562 0.053704
6 0.593229 0.495370 0.089583 0.112963
6 0.450781 0.279630 0.108854 0.079630
0 0.159896 0.478241 0.055208 0.182407
0 0.926042 0.915741 0.055208 0.146296
