0 0.164844 0.397685 0.083854 0.086111
0 0.238021 0.387963 0.070833 0.124074
0 0.267708 0.548611 0.051042 0.143519
0 0.806250 0.298611 0.032292 0.202778
6 0.522396 0.771296 0.060417 0.105556
6 0.663281 0.706019 0.082812 0.100926
6 0.547917 0.224074 0.055208 0.190741
6 0.816146 0.796759 0.057292 0.073148
4 0.700000 0.832870 0.053125 0.084259
6 0.606771 0.939815 0.060417 0.120370
2 0.825521 0.105093 0.056250 0.184259
2 0.882552 0.072685 0.059896 0.145370
2 0.933333 0.156944 0.038542 0.123148
2 0.968750 0.185648 0.034375 0.123148
2 0.976302 0.111111 0.047396 0.194444
