0 0.235937 0.393519 0.072917 0.116667
0 0.739844 0.313426 0.052604 0.193519
0 0.784896 0.314815 0.065625 0.174074
6 0.872396 0.262500 0.091667 0.087963
6 0.573958 0.348611 0.097917 0.119444
6 0.667188 0.693519 0.060417 0.111111
6 0.523958 0.782870 0.092708 0.086111
6 0.390625 0.952315 0.069792 0.073148
6 0.140885 0.250000 0.046354 0.120370
6 0.121354 0.048148 0.055208 0.068519
4 0.694010 0.823611 0.049479 0.099074
2 0.826042 0.104167 0.061458 0.189815
2 0.879948 0.079630 0.056771 0.159259
2 0.933073 0.156019 0.039062 0.132407
2 0.967708 0.178241 0.032292 0.115741
2 0.976823 0.092130 0.046354 0.141667
