0 0.239583 0.381019 0.063542 0.130556
0 0.178646 0.393056 0.062500 0.137963
0 0.287760 0.456019 0.077604 0.095370
0 0.253646 0.562037 0.057292 0.116667
0 0.725781 0.370833 0.084896 0.132407
6 0.665885 0.687037 0.057812 0.112963
6 0.521875 0.777778 0.093750 0.092593
6 0.321615 0.910185 0.086979 0.107407
6 0.585677 0.901389 0.074479 0.078704
4 0.690625 0.834259 0.058333 0.077778
5 0.888281 0.698611 0.042188 0.086111
2 0.827604 0.117593 0.058333 0.162963
2 0.891667 0.081481 0.048958 0.162963
2 0.942969 0.168519 0.039062 0.125926
2 0.968229 0.152315 0.041667 0.150926
2 0.978385 0.100000 0.039062 0.164815
6 0.914323 0.394444 0.028646 0.157407
6 0.205990 0.173148 0.045312 0.151852
