0 0.726302 0.388889 0.077604 0.200000
0 0.237500 0.394444 0.063542 0.125926
0 0.299479 0.476852 0.118750 0.122222
6 0.659375 0.706019 0.058333 0.121296
6 0.525781 0.782407 0.109896 0.101852
6 0.298958 0.854167 0.069792 0.141667
6 0.879687 0.702315 0.037500 0.086111
4 0.682031 0.834259 0.069271 0.074074
6 0.582292 0.914352 0.091667 0.082407
2 0.832552 0.103241 0.078646 0.195370
2 0.883333 0.084259 0.061458 0.168519
2 0.932552 0.164815 0.052604 0.133333
2 0.979427 0.124537 0.041146 0.160185
6 0.134896 0.247222 0.060417 0.133333
6 0.897135 0.871759 0.050521 0.069444
