0 0.239062 0.390741 0.056250 0.129630
0 0.292708 0.470370 0.132292 0.098148
0 0.256510 0.569444 0.073438 0.111111
6 0.521354 0.782407 0.094792 0.074074
6 0.670052 0.701389 0.077604 0.087963
6 0.589583 0.919907 0.062500 0.080556
6 0.812500 0.796759 0.062500 0.080556
2 0.823958 0.120833 0.057292 0.206481
2 0.883594 0.076389 0.049479 0.152778
2 0.933854 0.168519 0.039583 0.146296
2 0.976823 0.155556 0.046354 0.168519
6 0.888542 0.701389 0.057292 0.087963
0 0.175260 0.398611 0.044271 0.134259
4 0.658594 0.853704 0.047396 0.101852
