0 0.282292 0.392593 0.086458 0.114815
0 0.307031 0.472222 0.099479 0.090741
0 0.261979 0.560185 0.056250 0.109259
0 0.705208 0.416667 0.126042 0.083333
0 0.826042 0.337037 0.037500 0.157407
6 0.672396 0.701389 0.062500 0.080556
6 0.521354 0.778241 0.096875 0.084259
5 0.916406 0.391667 0.046354 0.144444
4 0.688542 0.847685 0.036458 0.078704
6 0.586719 0.920370 0.056771 0.105556
6 0.966406 0.544444 0.047396 0.107407
2 0.829688 0.124537 0.064583 0.199074
2 0.888542 0.088426 0.053125 0.149074
2 0.933333 0.157870 0.038542 0.128704
2 0.965104 0.189815 0.037500 0.118519
2 0.977344 0.109259 0.043229 0.175926
6 0.407292 0.481944 0.066667 0.189815
