6 0.133854 0.273611 0.032292 0.130556
0 0.174740 0.386111 0.047396 0.144444
0 0.275781 0.375463 0.118229 0.076852
0 0.289323 0.471296 0.115104 0.107407
0 0.705990 0.415741 0.107812 0.088889
0 0.827083 0.350000 0.039583 0.162963
5 0.916406 0.389815 0.042188 0.135185
6 0.960156 0.537500 0.039062 0.121296
6 0.621354 0.673148 0.087500 0.124074
6 0.522656 0.783796 0.097396 0.095370
6 0.816667 0.831481 0.034375 0.153704
6 0.736979 0.829630 0.034375 0.150000
6 0.590365 0.914815 0.077604 0.112963
5 0.881510 0.694444 0.047396 0.077778
5 0.687240 0.841204 0.047396 0.080556
5 0.650000 0.847685 0.032292 0.097222
2 0.831771 0.112963 0.064583 0.172222
2 0.889323 0.073611 0.046354 0.147222
2 0.915885 0.170370 0.043229 0.125926
2 0.941406 0.162500 0.022396 0.141667
2 0.966146 0.178241 0.037500 0.123148
2 0.980729 0.113889 0.036458 0.159259
