6 0.135937 0.279630 0.032292 0.153704
0 0.171875 0.389815 0.043750 0.181481
0 0.267188 0.394907 0.118750 0.091667
0 0.297656 0.482407 0.109896 0.107407
0 0.827083 0.353241 0.031250 0.150926
6 0.571094 0.096296 0.059896 0.166667
6 0.694010 0.409722 0.088021 0.076852
6 0.573698 0.541204 0.054688 0.189815
6 0.541406 0.791204 0.100521 0.080556
6 0.819531 0.829630 0.042188 0.114815
5 0.880990 0.690278 0.056771 0.086111
5 0.913802 0.401389 0.047396 0.150926
0 0.963281 0.540278 0.047396 0.126852
4 0.690885 0.845833 0.049479 0.100926
6 0.609375 0.938889 0.043750 0.122222
2 0.828906 0.126389 0.045312 0.191667
2 0.891146 0.072685 0.054167 0.145370
2 0.921875 0.167593 0.037500 0.148148
2 0.945052 0.183796 0.029687 0.099074
2 0.969792 0.182407 0.036458 0.168519
2 0.976823 0.102778 0.038021 0.170370
