6 0.146354 0.278704 0.058333 0.127778
6 0.592708 0.436574 0.036458 0.184259
6 0.539844 0.793519 0.073438 0.114815
6 0.754167 0.900463 0.060417 0.073148
0 0.203646 0.385185 0.066667 0.175926
0 0.263021 0.369907 0.116667 0.099074
0 0.788281 0.305556 0.054688 0.198148
0 0.823177 0.341667 0.043229 0.159259
6 0.698698 0.416667 0.100521 0.105556
4 0.685156 0.849537 0.049479 0.097222
4 0.638021 0.856481 0.032292 0.103704
2 0.828906 0.112963 0.047396 0.172222
2 0.892969 0.073611 0.050521 0.147222
2 0.919010 0.160648 0.043229 0.134259
2 0.959635 0.160185 0.035937 0.124074
2 0.981771 0.118056 0.026042 0.186111
5 0.918750 0.401389 0.039583 0.143519
