6 0.152604 0.293056 0.059375 0.123148
6 0.372656 0.489352 0.045312 0.121296
6 0.585156 0.423611 0.039062 0.199074
0 0.287760 0.481019 0.090104 0.130556
0 0.747656 0.373611 0.073438 0.091667
0 0.798438 0.291204 0.050000 0.173148
6 0.542188 0.793056 0.088542 0.073148
6 0.960417 0.507407 0.031250 0.153704
4 0.685156 0.854630 0.047396 0.096296
4 0.637760 0.854167 0.041146 0.091667
2 0.831771 0.112037 0.056250 0.162963
2 0.886719 0.073148 0.049479 0.118519
2 0.921875 0.168056 0.043750 0.139815
2 0.937500 0.178241 0.042708 0.156481
2 0.962760 0.191667 0.040104 0.146296
2 0.977865 0.106481 0.044271 0.181481
5 0.820573 0.828704 0.048438 0.124074
