6 0.146875 0.304630 0.065625 0.157407
6 0.375000 0.204630 0.127083 0.114815
0 0.285417 0.417593 0.120833 0.085185
0 0.729427 0.358333 0.107812 0.092593
0 0.795312 0.301852 0.052083 0.205556
6 0.566406 0.384722 0.084896 0.141667
6 0.724740 0.492130 0.046354 0.145370
6 0.537760 0.795833 0.097396 0.093519
6 0.911979 0.394444 0.031250 0.164815
0 0.194531 0.374537 0.040104 0.171296
5 0.825260 0.818981 0.045312 0.121296
4 0.683333 0.855093 0.036458 0.082407
4 0.633594 0.860185 0.047396 0.100000
2 0.825521 0.110185 0.054167 0.185185
2 0.889583 0.070833 0.055208 0.141667
2 0.917969 0.167593 0.043229 0.144444
2 0.942187 0.167593 0.035417 0.131481
2 0.981250 0.131944 0.029167 0.187963
