6 0.117969 0.097685 0.046354 0.123148
6 0.138021 0.270833 0.064583 0.125000
6 0.324219 0.365741 0.047396 0.161111
6 0.708854 0.554630 0.064583 0.181481
6 0.598698 0.764352 0.074479 0.156481
0 0.728385 0.358333 0.099479 0.107407
0 0.795833 0.294907 0.051042 0.195370
6 0.968750 0.462500 0.054167 0.071296
4 0.685156 0.848611 0.051562 0.102778
2 0.827083 0.135185 0.057292 0.185185
2 0.857031 0.055556 0.080729 0.103704
2 0.909896 0.172685 0.035417 0.126852
2 0.941146 0.168519 0.033333 0.114815
2 0.969271 0.170370 0.020833 0.157407
2 0.978646 0.118981 0.032292 0.180556
