6 0.265104 0.302778 0.120833 0.092593
6 0.132552 0.283333 0.036979 0.161111
6 0.111719 0.077778 0.042188 0.101852
6 0.619792 0.750926 0.088542 0.133333
6 0.825000 0.826852 0.031250 0.116667
5 0.892188 0.671296 0.050000 0.127778
0 0.766146 0.312500 0.064583 0.206481
0 0.794271 0.316204 0.064583 0.213889
6 0.953646 0.528704 0.060417 0.107407
4 0.683073 0.842130 0.049479 0.086111
2 0.826562 0.119907 0.052083 0.139815
2 0.857031 0.061111 0.046354 0.118519
2 0.914844 0.159722 0.053646 0.128704
2 0.962760 0.186111 0.042188 0.164815
2 0.974219 0.105093 0.047396 0.137963
6 0.389583 0.363889 0.093750 0.103704
