0 0.192448 0.359722 0.038021 0.195370
0 0.757552 0.301852 0.059896 0.174074
0 0.793750 0.316204 0.055208 0.187963
0 0.724740 0.423611 0.098437 0.134259
6 0.432552 0.318981 0.042188 0.193519
6 0.621875 0.744907 0.092708 0.084259
6 0.817969 0.820833 0.039062 0.113889
6 0.600260 0.958796 0.075521 0.082407
6 0.103906 0.072685 0.042188 0.126852
6 0.134635 0.356481 0.041146 0.168519
5 0.972917 0.771759 0.032292 0.084259
2 0.828646 0.152315 0.050000 0.104630
2 0.840365 0.056481 0.077604 0.112963
2 0.915885 0.164815 0.053646 0.122222
2 0.965625 0.189352 0.040625 0.130556
2 0.975781 0.102315 0.038021 0.189815
