0 0.178906 0.361111 0.059896 0.140741
0 0.228385 0.345833 0.069271 0.189815
0 0.279687 0.370370 0.097917 0.159259
0 0.279687 0.561111 0.106250 0.107407
0 0.725781 0.342130 0.106771 0.128704
0 0.827083 0.382870 0.057292 0.073148
0 0.752604 0.540278 0.071875 0.134259
6 0.375000 0.158796 0.044792 0.202778
6 0.776563 0.670833 0.063542 0.076852
6 0.934115 0.590741 0.045312 0.101852
6 0.417969 0.625463 0.051562 0.147222
6 0.678385 0.926389 0.102604 0.086111
2 0.820573 0.106944 0.058854 0.195370
2 0.869010 0.123611 0.048438 0.178704
2 0.905208 0.133333 0.060417 0.124074
2 0.935156 0.097685 0.073438 0.173148
