0 0.175260 0.362963 0.044271 0.166667
0 0.235417 0.345833 0.055208 0.178704
0 0.275000 0.357407 0.090625 0.155556
0 0.298438 0.483333 0.092708 0.105556
0 0.716667 0.350000 0.092708 0.105556
0 0.826562 0.379167 0.075000 0.084259
6 0.331771 0.100463 0.060417 0.178704
6 0.314063 0.865278 0.067708 0.147222
6 0.476302 0.760648 0.039062 0.141667
6 0.742969 0.771759 0.064062 0.084259
6 0.654167 0.912963 0.086458 0.070370
6 0.610938 0.297222 0.054167 0.222222
2 0.828646 0.132870 0.086458 0.128704
2 0.864844 0.132407 0.046354 0.168519
2 0.914844 0.134259 0.051562 0.114815
2 0.927865 0.087037 0.067187 0.159259
