0 0.178385 0.366204 0.076563 0.141667
0 0.268490 0.374537 0.077604 0.165741
0 0.299740 0.474074 0.103646 0.090741
0 0.716667 0.448148 0.118750 0.103704
0 0.827604 0.383796 0.068750 0.082407
6 0.449219 0.711574 0.041146 0.117593
6 0.485937 0.868519 0.064583 0.105556
6 0.643229 0.700463 0.096875 0.086111
5 0.749479 0.759722 0.091667 0.089815
6 0.623958 0.218056 0.075000 0.199074
6 0.820573 0.906944 0.078646 0.063889
6 0.638542 0.911574 0.095833 0.073148
2 0.821615 0.140741 0.068229 0.188889
2 0.876042 0.125463 0.056250 0.200926
2 0.903906 0.145370 0.047396 0.157407
2 0.934635 0.087963 0.046354 0.164815
