0 0.185417 0.362500 0.068750 0.137963
0 0.275260 0.380093 0.102604 0.189815
0 0.271094 0.551852 0.117188 0.057407
0 0.728906 0.468519 0.117188 0.127778
0 0.832292 0.378241 0.057292 0.097222
6 0.628125 0.191667 0.092708 0.100000
6 0.410677 0.566204 0.109896 0.082407
6 0.443750 0.748148 0.062500 0.127778
4 0.750000 0.761574 0.077083 0.093519
2 0.823177 0.139815 0.055729 0.203704
2 0.870573 0.127315 0.047396 0.182407
2 0.906250 0.155093 0.044792 0.137963
2 0.935156 0.097685 0.047396 0.145370
2 0.964062 0.205093 0.037500 0.160185
