0 0.181771 0.371759 0.063542 0.160185
0 0.269010 0.364815 0.115104 0.155556
0 0.286458 0.506481 0.090625 0.155556
0 0.712760 0.414815 0.128646 0.094444
0 0.820052 0.337037 0.067187 0.125926
6 0.683854 0.648611 0.059375 0.158333
6 0.420573 0.830556 0.080729 0.116667
5 0.970313 0.463426 0.055208 0.141667
5 0.744531 0.755556 0.075521 0.105556
6 0.546094 0.776852 0.045312 0.101852
6 0.630469 0.892130 0.067187 0.089815
2 0.864062 0.116667 0.060417 0.183333
2 0.898698 0.151389 0.061979 0.180556
2 0.928385 0.089815 0.042188 0.168519
2 0.965885 0.194444 0.042188 0.140741
6 0.820573 0.911111 0.084896 0.062963
6 0.563021 0.963426 0.085417 0.069444
