6 0.284375 0.813889 0.056250 0.175926
6 0.707552 0.407870 0.044271 0.187963
6 0.561719 0.750000 0.048438 0.090741
0 0.824479 0.347685 0.064583 0.128704
0 0.296875 0.455556 0.109375 0.107407
0 0.189844 0.377778 0.079687 0.114815
6 0.410677 0.829630 0.079687 0.092593
6 0.479427 0.951852 0.116146 0.068519
6 0.629687 0.887963 0.035417 0.087037
6 0.815365 0.914815 0.072396 0.062963
4 0.751563 0.750000 0.069792 0.116667
2 0.865365 0.124537 0.053646 0.173148
2 0.897656 0.150000 0.049479 0.162963
2 0.936458 0.101852 0.050000 0.164815
6 0.125521 0.343981 0.053125 0.150926
6 0.926042 0.836111 0.055208 0.112963
6 0.689844 0.773148 0.047396 0.155556
5 0.966667 0.464815 0.038542 0.120370
