6 0.169792 0.286574 0.051042 0.143519
6 0.126042 0.336111 0.054167 0.124074
6 0.231771 0.262500 0.058333 0.141667
0 0.822656 0.342130 0.068229 0.125000
6 0.640625 0.759722 0.061458 0.193519
6 0.635677 0.904167 0.105729 0.084259
6 0.545312 0.765278 0.038542 0.108333
6 0.435417 0.961574 0.088542 0.076852
4 0.741927 0.753704 0.068229 0.124074
5 0.964323 0.462037 0.045312 0.107407
6 0.827865 0.900463 0.078646 0.069444
6 0.916927 0.843056 0.047396 0.134259
2 0.863542 0.122685 0.059375 0.184259
2 0.896094 0.176389 0.052604 0.145370
2 0.917708 0.086111 0.055208 0.157407
