6 0.127344 0.337037 0.045312 0.153704
6 0.232813 0.259722 0.084375 0.136111
6 0.535156 0.805556 0.042188 0.148148
6 0.349479 0.940278 0.093750 0.076852
6 0.605990 0.242593 0.052604 0.177778
0 0.169271 0.368056 0.060417 0.126852
0 0.714323 0.371296 0.111979 0.107407
0 0.826042 0.337037 0.061458 0.111111
4 0.740365 0.746296 0.057812 0.116667
5 0.962240 0.464815 0.055729 0.105556
2 0.866406 0.122685 0.053646 0.184259
2 0.915365 0.075463 0.054688 0.150926
2 0.904948 0.183796 0.045312 0.137963
6 0.845833 0.865278 0.060417 0.086111
0 0.294010 0.452778 0.114062 0.116667
