0 0.261719 0.533796 0.053646 0.089815
6 0.228906 0.144907 0.052604 0.139815
6 0.533073 0.808333 0.074479 0.118519
6 0.639844 0.910648 0.077604 0.078704
6 0.654948 0.193519 0.075521 0.172222
6 0.769010 0.558333 0.076563 0.105556
4 0.733333 0.750000 0.055208 0.109259
6 0.838281 0.892130 0.083854 0.082407
5 0.923958 0.736574 0.053125 0.108333
5 0.966406 0.587963 0.045312 0.103704
2 0.873698 0.118056 0.049479 0.182407
2 0.904687 0.161111 0.043750 0.114815
2 0.919792 0.079167 0.061458 0.143519
2 0.981771 0.156944 0.032292 0.180556
