6 0.249479 0.153241 0.071875 0.187963
6 0.760677 0.249074 0.043229 0.129630
6 0.634115 0.924537 0.086979 0.067593
0 0.288802 0.479630 0.097396 0.109259
0 0.271094 0.557407 0.076563 0.118519
4 0.679948 0.838426 0.065104 0.086111
6 0.959635 0.517130 0.056771 0.062037
5 0.959635 0.608333 0.042188 0.098148
6 0.836719 0.872685 0.076563 0.067593
6 0.107812 0.264352 0.050000 0.145370
2 0.866927 0.116667 0.052604 0.168519
2 0.913281 0.079630 0.056771 0.151852
2 0.905729 0.173148 0.031250 0.105556
2 0.982812 0.149537 0.034375 0.184259
