0 0.227604 0.348611 0.064583 0.173148
0 0.272135 0.552778 0.084896 0.105556
0 0.794271 0.300000 0.070833 0.170370
0 0.737760 0.531481 0.076563 0.116667
6 0.254167 0.135648 0.060417 0.191667
6 0.392708 0.118981 0.104167 0.134259
6 0.968750 0.528704 0.056250 0.088889
6 0.556510 0.784722 0.068229 0.078704
5 0.983854 0.389815 0.032292 0.140741
5 0.950781 0.630093 0.048438 0.080556
4 0.681510 0.835185 0.058854 0.088889
6 0.625521 0.908796 0.091667 0.078704
2 0.869531 0.118056 0.051562 0.182407
2 0.917969 0.069907 0.051562 0.139815
2 0.904167 0.166667 0.036458 0.129630
2 0.949740 0.194444 0.052604 0.135185
6 0.105990 0.254630 0.044271 0.175926
