0 0.277865 0.530093 0.051562 0.139815
0 0.718750 0.479630 0.103125 0.116667
0 0.822656 0.326389 0.044271 0.208333
6 0.220312 0.122685 0.061458 0.069444
6 0.316406 0.047685 0.108854 0.080556
6 0.351823 0.273148 0.108854 0.094444
6 0.537760 0.780556 0.045312 0.116667
6 0.402344 0.825463 0.072396 0.099074
6 0.768229 0.766204 0.084375 0.091667
6 0.620052 0.916204 0.086979 0.082407
4 0.686979 0.837963 0.063542 0.094444
5 0.952865 0.626389 0.046354 0.087963
6 0.837240 0.886111 0.071354 0.062963
6 0.970833 0.532870 0.054167 0.087963
2 0.876042 0.122685 0.050000 0.176852
2 0.917969 0.091204 0.043229 0.136111
2 0.951562 0.190741 0.038542 0.116667
2 0.983333 0.152778 0.033333 0.166667
