0 0.247396 0.717130 0.097917 0.132407
0 0.188542 0.725926 0.064583 0.146296
0 0.772135 0.445370 0.052604 0.174074
0 0.700781 0.650463 0.080729 0.125000
6 0.955208 0.738889 0.051042 0.112963
6 0.744010 0.852778 0.056771 0.172222
6 0.650521 0.812037 0.097917 0.157407
6 0.582292 0.372222 0.059375 0.162963
1 0.501823 0.510185 0.074479 0.112963
1 0.439062 0.566204 0.087500 0.086111
1 0.507292 0.772222 0.094792 0.072222
1 0.439323 0.858333 0.074479 0.092593
1 0.454687 0.724537 0.050000 0.141667
6 0.910677 0.190741 0.039062 0.094444
6 0.856510 0.197685 0.043229 0.137963
6 0.599219 0.552778 0.075521 0.170370
6 0.955208 0.526852 0.063542 0.092593
5 0.218750 0.200463 0.070833 0.128704
