0 0.740625 0.311574 0.065625 0.182407
0 0.290885 0.421759 0.088021 0.080556
6 0.647656 0.492130 0.109896 0.069444
6 0.458073 0.644907 0.081771 0.132407
6 0.439583 0.753704 0.092708 0.109259
6 0.649740 0.713426 0.099479 0.082407
6 0.714323 0.785185 0.077604 0.050000
6 0.704688 0.877778 0.072917 0.053704
6 0.661719 0.929167 0.053646 0.134259
6 0.863542 0.278704 0.061458 0.166667
2 0.795052 0.106019 0.047396 0.147222
2 0.871094 0.068056 0.052604 0.136111
2 0.963542 0.106481 0.062500 0.174074
6 0.796875 0.818981 0.027083 0.093519
