5 0.301302 0.116204 0.072396 0.093519
6 0.589844 0.375463 0.046354 0.152778
6 0.915365 0.193519 0.052604 0.072222
6 0.789844 0.756944 0.043229 0.187963
6 0.135677 0.927778 0.085938 0.112963
6 0.936979 0.906944 0.053125 0.067593
6 0.855208 0.185185 0.031250 0.112963
6 0.348698 0.465278 0.056771 0.191667
0 0.227344 0.482407 0.116146 0.168519
0 0.244010 0.690741 0.089063 0.185185
0 0.187760 0.724537 0.077604 0.134259
0 0.775260 0.446296 0.058854 0.168519
0 0.692448 0.558333 0.102604 0.051852
0 0.725260 0.725463 0.045312 0.189815
1 0.492969 0.511574 0.050521 0.119444
1 0.472656 0.668519 0.044271 0.129630
1 0.509635 0.781944 0.081771 0.091667
1 0.454167 0.853241 0.076042 0.093519
1 0.511979 0.965741 0.098958 0.064815
