0 0.231250 0.344907 0.063542 0.187963
0 0.275260 0.403241 0.054688 0.197222
0 0.310417 0.491204 0.120833 0.100926
0 0.792188 0.283796 0.032292 0.187963
0 0.724740 0.465741 0.070312 0.125926
6 0.600781 0.487500 0.048438 0.208333
6 0.488542 0.554167 0.061458 0.197222
6 0.601302 0.872685 0.079687 0.078704
6 0.904167 0.336111 0.038542 0.116667
2 0.797396 0.110185 0.052083 0.155556
2 0.846875 0.115278 0.058333 0.191667
2 0.908594 0.077315 0.049479 0.150926
2 0.985938 0.125463 0.028125 0.158333
0 0.844271 0.378241 0.053125 0.121296
