0 0.197656 0.348611 0.074479 0.119444
0 0.278646 0.363426 0.093750 0.139815
0 0.798438 0.295833 0.050000 0.178704
0 0.847656 0.367593 0.052604 0.111111
6 0.446354 0.437037 0.092708 0.118519
6 0.598958 0.380093 0.092708 0.143519
6 0.536198 0.913889 0.078646 0.103704
4 0.681510 0.859259 0.054688 0.112963
6 0.815104 0.750926 0.071875 0.111111
2 0.807292 0.112500 0.066667 0.139815
2 0.848177 0.136111 0.051562 0.153704
2 0.904948 0.076852 0.049479 0.153704
2 0.986458 0.129630 0.027083 0.174074
6 0.420312 0.904167 0.054167 0.069444
