0 0.233073 0.365278 0.076563 0.132407
0 0.280729 0.425463 0.076042 0.126852
0 0.269010 0.543519 0.102604 0.059259
0 0.796094 0.297222 0.045312 0.168519
0 0.847656 0.376389 0.050521 0.113889
6 0.398177 0.231019 0.098437 0.089815
6 0.476823 0.641667 0.082812 0.129630
6 0.814323 0.741204 0.074479 0.087963
6 0.539844 0.913889 0.067187 0.125926
5 0.682552 0.848611 0.050521 0.137963
6 0.692708 0.795370 0.002083 0.000000
2 0.848437 0.124074 0.061458 0.168519
2 0.904948 0.082407 0.047396 0.157407
2 0.980729 0.153241 0.038542 0.213889
