0 0.222917 0.485648 0.090625 0.128704
0 0.238281 0.695370 0.077604 0.179630
0 0.697135 0.560185 0.114062 0.062963
1 0.273698 0.137963 0.090104 0.079630
6 0.595833 0.372222 0.054167 0.170370
6 0.402083 0.349537 0.101042 0.121296
6 0.125781 0.924537 0.078646 0.097222
1 0.495573 0.502778 0.075521 0.116667
1 0.442448 0.562037 0.102604 0.066667
1 0.477344 0.671296 0.039062 0.159259
1 0.436979 0.756944 0.076042 0.073148
1 0.448177 0.843981 0.083854 0.078704
6 0.576302 0.919444 0.079687 0.125926
6 0.658594 0.433333 0.043229 0.168519
6 0.912760 0.199074 0.045312 0.129630
6 0.184896 0.178241 0.055208 0.087963
