0 0.760417 0.444444 0.033333 0.183333
0 0.697917 0.612963 0.121875 0.072222
1 0.497917 0.507870 0.070833 0.137963
1 0.450521 0.571759 0.090625 0.086111
1 0.479427 0.668519 0.045312 0.133333
1 0.455729 0.723148 0.072917 0.081481
1 0.502344 0.777778 0.073438 0.103704
0 0.229687 0.485648 0.092708 0.125000
0 0.191146 0.743519 0.059375 0.168519
5 0.130469 0.891204 0.067187 0.134259
6 0.634115 0.256481 0.072396 0.168519
6 0.264062 0.709722 0.064583 0.171296
6 0.920312 0.187500 0.052083 0.145370
6 0.877083 0.328704 0.090625 0.074074
6 0.921094 0.910648 0.045312 0.139815
6 0.422396 0.299074 0.066667 0.218519
6 0.184115 0.352778 0.045312 0.164815
6 0.973698 0.840278 0.052604 0.078704
6 0.672396 0.736574 0.060417 0.162037
6 0.264323 0.146296 0.110937 0.066667
6 0.247656 0.884259 0.109896 0.062963
