0 0.231771 0.471296 0.103125 0.122222
0 0.248438 0.654167 0.087500 0.139815
0 0.199740 0.706944 0.052604 0.141667
6 0.123437 0.942593 0.085417 0.057407
0 0.696094 0.610185 0.118229 0.101852
6 0.592187 0.333333 0.065625 0.175926
6 0.951042 0.521759 0.069792 0.089815
6 0.510938 0.420370 0.060417 0.162963
1 0.440625 0.486574 0.098958 0.080556
1 0.474740 0.579630 0.048438 0.109259
1 0.460156 0.724074 0.067187 0.096296
1 0.500521 0.774537 0.093750 0.078704
1 0.434375 0.891667 0.092708 0.074074
6 0.918229 0.177315 0.034375 0.147222
6 0.149740 0.133796 0.047396 0.076852
