0 0.178906 0.459722 0.043229 0.180556
0 0.214062 0.460648 0.061458 0.171296
0 0.241927 0.671759 0.074479 0.136111
0 0.168490 0.732870 0.040104 0.150926
0 0.733333 0.479630 0.128125 0.112963
6 0.275521 0.331481 0.121875 0.053704
6 0.667969 0.693519 0.107812 0.111111
6 0.599219 0.318519 0.116146 0.109259
6 0.729427 0.088889 0.039062 0.155556
6 0.951042 0.518981 0.073958 0.065741
6 0.954688 0.714815 0.066667 0.050000
1 0.500521 0.517130 0.071875 0.130556
1 0.496094 0.702315 0.078646 0.136111
1 0.437500 0.851852 0.088542 0.105556
1 0.469531 0.923611 0.046354 0.126852
