0 0.246615 0.537500 0.105729 0.082407
0 0.233854 0.723148 0.077083 0.159259
0 0.161198 0.731019 0.072396 0.150926
5 0.234375 0.324074 0.067708 0.118519
6 0.160677 0.314815 0.069271 0.101852
6 0.638021 0.289352 0.094792 0.080556
6 0.720833 0.351389 0.072917 0.154630
6 0.168490 0.928241 0.048438 0.093519
1 0.466406 0.372685 0.045312 0.162037
1 0.496615 0.509259 0.071354 0.118519
1 0.431250 0.555556 0.090625 0.072222
1 0.486979 0.663889 0.052083 0.162963
1 0.457031 0.775926 0.103646 0.100000
1 0.454167 0.854630 0.093750 0.111111
1 0.471875 0.944444 0.054167 0.100000
6 0.916927 0.214352 0.043229 0.069444
