0 0.245833 0.537500 0.090625 0.093519
0 0.167448 0.725000 0.046354 0.131481
0 0.772135 0.449537 0.070312 0.136111
6 0.836198 0.219907 0.036979 0.087963
6 0.715104 0.161111 0.093750 0.107407
6 0.634635 0.294907 0.083854 0.091667
6 0.152083 0.300926 0.068750 0.118519
6 0.244531 0.712500 0.071354 0.180556
1 0.497396 0.510648 0.071875 0.136111
1 0.442708 0.562500 0.096875 0.075000
1 0.521094 0.644444 0.084896 0.098148
1 0.462760 0.720370 0.044271 0.153704
1 0.504948 0.834259 0.076563 0.081481
1 0.428385 0.919907 0.096354 0.080556
1 0.455208 0.856019 0.073958 0.134259
6 0.950000 0.569907 0.067708 0.082407
