0 0.247917 0.541204 0.105208 0.093519
0 0.233854 0.708796 0.070833 0.176852
0 0.167448 0.733796 0.050521 0.141667
1 0.453646 0.475926 0.096875 0.094444
1 0.457292 0.575926 0.055208 0.124074
1 0.511198 0.629630 0.102604 0.105556
1 0.499479 0.703241 0.095833 0.076852
1 0.454687 0.764352 0.082292 0.062037
1 0.501563 0.953241 0.102083 0.067593
0 0.688021 0.574537 0.111458 0.099074
6 0.647135 0.259722 0.086979 0.067593
6 0.165365 0.925926 0.052604 0.105556
6 0.948177 0.576389 0.069271 0.073148
6 0.839583 0.222222 0.036458 0.125926
6 0.525521 0.425463 0.059375 0.145370
