0 0.228385 0.328241 0.034896 0.204630
0 0.265104 0.354167 0.066667 0.206481
0 0.276042 0.578704 0.092708 0.103704
5 0.771615 0.613889 0.073438 0.101852
6 0.586198 0.275000 0.109896 0.066667
6 0.850260 0.300926 0.059896 0.179630
2 0.812500 0.105556 0.052083 0.161111
2 0.869271 0.060185 0.061458 0.120370
2 0.873958 0.166667 0.058333 0.100000
2 0.914844 0.170370 0.043229 0.092593
2 0.950260 0.195370 0.041146 0.096296
6 0.682031 0.859259 0.047396 0.087037
6 0.280208 0.767130 0.038542 0.089815
6 0.855729 0.877315 0.056250 0.080556
6 0.940625 0.794444 0.040625 0.105556
6 0.946615 0.328704 0.054688 0.127778
6 0.323698 0.458796 0.074479 0.093519
