6 0.145833 0.347685 0.057292 0.154630
6 0.276302 0.792130 0.038021 0.139815
6 0.683594 0.862500 0.048438 0.084259
6 0.858333 0.311574 0.061458 0.128704
6 0.966667 0.368056 0.058333 0.091667
0 0.264583 0.362037 0.073958 0.175926
0 0.293750 0.475000 0.121875 0.092593
0 0.713281 0.424074 0.111979 0.098148
5 0.690625 0.281019 0.068750 0.143519
5 0.512500 0.231944 0.067708 0.087963
5 0.462760 0.215741 0.056771 0.101852
5 0.776042 0.616667 0.066667 0.114815
6 0.936458 0.799074 0.032292 0.096296
2 0.814583 0.120370 0.040625 0.164815
2 0.873698 0.065278 0.049479 0.130556
2 0.872656 0.167593 0.045312 0.101852
2 0.918229 0.179167 0.030208 0.093519
2 0.921094 0.069907 0.047396 0.128704
2 0.960677 0.099537 0.030729 0.126852
2 0.960677 0.203241 0.024479 0.073148
2 0.978125 0.188426 0.029167 0.150926
6 0.852865 0.879630 0.040104 0.061111
