0 0.229427 0.339352 0.073438 0.141667
0 0.834115 0.329630 0.049479 0.175926
6 0.122396 0.395370 0.035417 0.181481
6 0.665625 0.545833 0.095833 0.091667
6 0.352344 0.293056 0.109896 0.091667
5 0.719271 0.316204 0.065625 0.134259
5 0.956771 0.617593 0.068750 0.105556
5 0.654167 0.200000 0.064583 0.105556
5 0.633594 0.309259 0.073438 0.109259
5 0.451042 0.313426 0.067708 0.150926
5 0.438021 0.470370 0.057292 0.120370
5 0.509115 0.471296 0.076563 0.122222
2 0.820052 0.111111 0.043229 0.118519
2 0.875521 0.070833 0.045833 0.137963
2 0.872917 0.162963 0.056250 0.072222
2 0.919010 0.077778 0.047396 0.127778
2 0.915885 0.181019 0.034896 0.093519
2 0.969271 0.104630 0.037500 0.101852
2 0.952083 0.180556 0.037500 0.111111
2 0.980208 0.204630 0.033333 0.111111
