0 0.276042 0.367593 0.098958 0.164815
0 0.814583 0.301389 0.040625 0.193519
6 0.305469 0.131944 0.048438 0.202778
6 0.689844 0.549074 0.079687 0.101852
5 0.503646 0.475000 0.063542 0.161111
5 0.439583 0.479167 0.056250 0.137963
5 0.712760 0.319907 0.068229 0.115741
5 0.629427 0.302778 0.071354 0.092593
5 0.446094 0.323611 0.065104 0.137963
5 0.660417 0.200000 0.062500 0.120370
6 0.114323 0.342593 0.051562 0.168519
2 0.816927 0.114352 0.055729 0.132407
2 0.874479 0.066204 0.053125 0.132407
2 0.875000 0.157870 0.054167 0.086111
2 0.918490 0.075463 0.040104 0.139815
2 0.918229 0.173611 0.038542 0.078704
2 0.975260 0.099537 0.049479 0.160185
2 0.960677 0.200000 0.044271 0.116667
