0 0.289844 0.382407 0.101562 0.174074
0 0.733333 0.527778 0.081250 0.116667
6 0.332813 0.231019 0.062500 0.200926
6 0.107552 0.257407 0.045312 0.174074
6 0.433854 0.477778 0.063542 0.159259
5 0.449219 0.325000 0.077604 0.159259
6 0.972396 0.389815 0.033333 0.159259
2 0.817969 0.095833 0.053646 0.169444
2 0.876042 0.068981 0.054167 0.130556
2 0.876042 0.169907 0.052083 0.089815
2 0.913281 0.079630 0.050521 0.148148
2 0.919271 0.191667 0.032292 0.072222
2 0.970313 0.109259 0.035417 0.161111
2 0.951562 0.177778 0.036458 0.114815
