0 0.276823 0.376389 0.116146 0.147222
0 0.280729 0.580556 0.073958 0.168519
0 0.716667 0.502778 0.101042 0.116667
6 0.383594 0.588889 0.097396 0.109259
6 0.117448 0.169444 0.090104 0.074074
6 0.309115 0.126389 0.079687 0.126852
5 0.439583 0.479630 0.070833 0.105556
6 0.677604 0.368056 0.096875 0.076852
5 0.662500 0.216204 0.062500 0.145370
2 0.812500 0.100463 0.052083 0.175000
2 0.873437 0.068981 0.041667 0.137963
2 0.873958 0.157870 0.052083 0.082407
2 0.916406 0.081019 0.046354 0.139815
2 0.914323 0.171759 0.040104 0.093519
2 0.975260 0.101389 0.041146 0.141667
2 0.955729 0.187963 0.036458 0.125926
2 0.983333 0.204630 0.025000 0.114815
