0 0.279687 0.376389 0.113542 0.143519
0 0.284115 0.551852 0.072396 0.157407
0 0.734896 0.345833 0.075000 0.182407
5 0.444271 0.327315 0.061458 0.137963
5 0.669792 0.102315 0.073958 0.136111
6 0.936458 0.328241 0.050000 0.082407
2 0.808854 0.103241 0.065625 0.141667
2 0.870573 0.064352 0.053646 0.125000
2 0.867448 0.157870 0.067187 0.100926
2 0.918490 0.071759 0.046354 0.143519
2 0.919271 0.173611 0.038542 0.086111
2 0.968750 0.091667 0.038542 0.157407
2 0.956250 0.178704 0.031250 0.112963
2 0.982812 0.206944 0.021875 0.087963
