0 0.267708 0.363426 0.100000 0.136111
0 0.278125 0.547685 0.060417 0.137963
0 0.733854 0.341204 0.066667 0.187963
0 0.797917 0.301852 0.057292 0.177778
5 0.370573 0.410185 0.079687 0.107407
5 0.436458 0.470370 0.075000 0.112963
5 0.447135 0.327778 0.067187 0.168519
5 0.619792 0.086111 0.064583 0.125926
6 0.968750 0.312963 0.058333 0.066667
6 0.593229 0.409259 0.057292 0.170370
2 0.815104 0.088889 0.057292 0.174074
2 0.872135 0.071759 0.052604 0.132407
2 0.866406 0.156944 0.057812 0.084259
2 0.912760 0.079167 0.047396 0.136111
2 0.917969 0.197222 0.045312 0.100000
2 0.969792 0.096759 0.034375 0.178704
