0 0.253385 0.373611 0.105729 0.145370
0 0.275000 0.547222 0.064583 0.120370
0 0.832292 0.348611 0.057292 0.169444
0 0.732292 0.316204 0.097917 0.141667
0 0.713281 0.402315 0.111979 0.112037
5 0.435937 0.472222 0.063542 0.112963
5 0.656771 0.233796 0.061458 0.145370
5 0.615625 0.087500 0.061458 0.139815
6 0.264062 0.066204 0.088542 0.078704
6 0.320052 0.208796 0.103646 0.160185
6 0.449740 0.337500 0.076563 0.145370
2 0.816146 0.105556 0.057292 0.150000
2 0.866406 0.064352 0.053646 0.128704
2 0.915885 0.063426 0.041146 0.126852
2 0.980469 0.108333 0.039062 0.151852
2 0.917708 0.169444 0.037500 0.112963
6 0.968229 0.325463 0.061458 0.095370
