0 0.196875 0.444444 0.063542 0.172222
0 0.242448 0.484722 0.097396 0.145370
0 0.251042 0.681019 0.092708 0.154630
0 0.199740 0.714352 0.078646 0.123148
1 0.510417 0.475000 0.095833 0.092593
1 0.507031 0.592593 0.091146 0.120370
1 0.511198 0.772222 0.108854 0.118519
1 0.454167 0.931019 0.051042 0.123148
0 0.745313 0.444444 0.057292 0.161111
0 0.707292 0.534722 0.100000 0.076852
0 0.697656 0.605093 0.100521 0.076852
0 0.714063 0.694444 0.063542 0.212963
0 0.748437 0.712500 0.033333 0.176852
0 0.803385 0.471296 0.042188 0.111111
0 0.780729 0.550000 0.001042 0.007407
6 0.919271 0.707870 0.056250 0.093519
6 0.502083 0.239352 0.118750 0.119444
