0 0.194531 0.476852 0.058854 0.161111
0 0.233333 0.690741 0.053125 0.162963
6 0.326302 0.280093 0.079687 0.134259
6 0.960677 0.490278 0.066146 0.091667
0 0.802344 0.480093 0.080729 0.082407
6 0.663802 0.301389 0.075521 0.132407
6 0.652083 0.508796 0.060417 0.178704
1 0.468229 0.437037 0.055208 0.157407
1 0.494271 0.582407 0.063542 0.103704
1 0.439062 0.650463 0.089583 0.078704
1 0.515104 0.653241 0.103125 0.099074
1 0.501823 0.744444 0.110937 0.124074
1 0.514583 0.882870 0.083333 0.130556
6 0.321094 0.937500 0.109896 0.071296
