0 0.226302 0.502778 0.127604 0.066667
0 0.254688 0.580556 0.121875 0.072222
0 0.711719 0.682870 0.084896 0.171296
6 0.663281 0.301852 0.054688 0.127778
6 0.675781 0.448611 0.109896 0.091667
6 0.939583 0.621759 0.032292 0.132407
5 0.951042 0.907870 0.039583 0.130556
1 0.517708 0.497222 0.091667 0.070370
1 0.487760 0.659259 0.082812 0.068519
1 0.503125 0.753241 0.086458 0.087963
1 0.510938 0.871759 0.098958 0.091667
6 0.320573 0.942593 0.113021 0.061111
6 0.792448 0.191667 0.082812 0.103704
6 0.628385 0.588889 0.103646 0.062963
