0 0.209115 0.648148 0.073438 0.159259
0 0.743490 0.706944 0.053646 0.163889
0 0.721354 0.493981 0.117708 0.091667
6 0.679948 0.631019 0.075521 0.178704
6 0.663281 0.290278 0.068229 0.113889
0 0.207292 0.502778 0.100000 0.109259
6 0.910417 0.836574 0.032292 0.089815
6 0.948698 0.906019 0.040104 0.119444
6 0.285677 0.805556 0.071354 0.124074
1 0.500000 0.422685 0.086458 0.143519
1 0.460677 0.533333 0.086979 0.124074
1 0.468490 0.636111 0.077604 0.111111
1 0.508073 0.728704 0.106771 0.105556
6 0.567187 0.957870 0.119792 0.062037
