6 0.123958 0.083333 0.052083 0.087037
0 0.245312 0.369907 0.089583 0.149074
0 0.303385 0.420370 0.106771 0.112963
0 0.303125 0.469444 0.123958 0.064815
0 0.247396 0.575000 0.065625 0.103704
0 0.720573 0.393056 0.108854 0.080556
0 0.841406 0.364815 0.075521 0.070370
0 0.744010 0.543056 0.080729 0.117593
5 0.392188 0.271296 0.088542 0.120370
2 0.810677 0.119907 0.050521 0.147222
2 0.875521 0.074537 0.045833 0.149074
2 0.919531 0.160648 0.044271 0.149074
2 0.954167 0.173611 0.041667 0.125000
2 0.984375 0.131944 0.031250 0.137963
2 0.978646 0.256481 0.032292 0.107407
