5 0.127604 0.436111 0.057292 0.112963
6 0.145573 0.330093 0.081771 0.082407
0 0.268229 0.543981 0.135417 0.062037
0 0.239844 0.700000 0.098437 0.155556
0 0.776302 0.442593 0.044271 0.203704
0 0.691406 0.552778 0.117188 0.116667
0 0.765104 0.733796 0.050000 0.213889
5 0.822656 0.937963 0.056771 0.124074
6 0.931510 0.896759 0.040104 0.076852
6 0.903646 0.704630 0.083333 0.061111
6 0.883073 0.376389 0.060937 0.067593
6 0.907292 0.274074 0.086458 0.100000
6 0.689583 0.297222 0.094792 0.114815
6 0.590104 0.410185 0.059375 0.175926
1 0.480469 0.515278 0.043229 0.141667
1 0.476823 0.924537 0.072396 0.093519
6 0.226302 0.923148 0.073438 0.050000
6 0.399219 0.904167 0.078646 0.091667
0 0.150521 0.700926 0.063542 0.118519
