0 0.256250 0.563426 0.122917 0.069444
0 0.236979 0.705093 0.060417 0.180556
0 0.173698 0.729630 0.047396 0.161111
0 0.701562 0.553704 0.092708 0.079630
6 0.927083 0.385185 0.035417 0.103704
6 0.958594 0.648611 0.040104 0.139815
6 0.894010 0.892593 0.074479 0.092593
6 0.722396 0.783333 0.085417 0.111111
6 0.526302 0.911111 0.048438 0.162963
6 0.704167 0.291204 0.083333 0.115741
1 0.474740 0.456481 0.066146 0.109259
1 0.481250 0.613889 0.069792 0.162963
1 0.495833 0.772685 0.088542 0.143519
6 0.112760 0.264352 0.042188 0.130556
