4 0.111458 0.272222 0.061458 0.164815
0 0.250000 0.525926 0.122917 0.077778
0 0.210677 0.722222 0.052604 0.172222
6 0.714323 0.274074 0.109896 0.107407
6 0.863802 0.409722 0.054688 0.069444
6 0.760677 0.768056 0.101562 0.091667
6 0.528125 0.920833 0.040625 0.132407
6 0.701562 0.591667 0.072917 0.175926
6 0.369271 0.398148 0.095833 0.118519
1 0.475000 0.456481 0.064583 0.112963
1 0.482812 0.596759 0.060417 0.117593
1 0.514062 0.687500 0.103125 0.087963
1 0.427865 0.862963 0.083854 0.116667
6 0.774219 0.875926 0.048438 0.164815
6 0.938021 0.305556 0.039583 0.140741
