0 0.246354 0.529167 0.121875 0.084259
0 0.201302 0.743056 0.047396 0.191667
6 0.530208 0.356481 0.096875 0.168519
1 0.468750 0.453704 0.072917 0.114815
1 0.485937 0.596759 0.056250 0.136111
1 0.512500 0.692130 0.093750 0.086111
6 0.701302 0.271296 0.111979 0.112963
6 0.695052 0.550000 0.061979 0.161111
6 0.700000 0.764352 0.095833 0.073148
6 0.767708 0.869907 0.053125 0.176852
6 0.846354 0.416667 0.055208 0.109259
6 0.544271 0.935648 0.086458 0.093519
6 0.922396 0.259259 0.058333 0.159259
1 0.433854 0.883333 0.091667 0.111111
6 0.944531 0.694444 0.070312 0.116667
