1 0.502604 0.431019 0.071875 0.095370
1 0.466667 0.577778 0.056250 0.127778
1 0.448958 0.758796 0.067708 0.087963
0 0.249479 0.543056 0.115625 0.050926
0 0.277344 0.629167 0.110937 0.089815
0 0.244010 0.699074 0.056771 0.172222
0 0.707292 0.547685 0.067708 0.123148
0 0.724219 0.462037 0.069271 0.161111
0 0.797917 0.466204 0.039583 0.136111
0 0.792969 0.700000 0.047396 0.109259
6 0.269792 0.913889 0.065625 0.150000
6 0.775260 0.242130 0.072396 0.143519
6 0.392188 0.562963 0.054167 0.157407
6 0.906771 0.439815 0.073958 0.112963
6 0.710156 0.216204 0.083854 0.126852
6 0.620833 0.606019 0.125000 0.093519
