0 0.240885 0.491204 0.098437 0.121296
0 0.259896 0.586574 0.096875 0.080556
0 0.253385 0.661111 0.077604 0.111111
0 0.227604 0.720370 0.062500 0.172222
1 0.463802 0.414815 0.048438 0.170370
1 0.439844 0.533796 0.075521 0.128704
1 0.514062 0.551852 0.086458 0.092593
1 0.491406 0.633796 0.099479 0.080556
1 0.435417 0.795370 0.084375 0.103704
0 0.790885 0.467130 0.045312 0.137963
0 0.691667 0.618056 0.086458 0.089815
0 0.726823 0.696296 0.056771 0.155556
6 0.669792 0.369907 0.041667 0.210185
6 0.701562 0.197222 0.058333 0.146296
6 0.375000 0.250000 0.096875 0.098148
6 0.867969 0.274074 0.042188 0.129630
6 0.628646 0.346759 0.065625 0.152778
6 0.660677 0.048611 0.055729 0.086111
6 0.390104 0.568056 0.040625 0.178704
6 0.787240 0.212500 0.068229 0.176852
