0 0.187500 0.469444 0.036458 0.172222
0 0.254427 0.575463 0.107812 0.082407
0 0.244010 0.666667 0.078646 0.138889
0 0.228385 0.710185 0.081771 0.162963
1 0.447135 0.548148 0.085938 0.103704
1 0.469271 0.411111 0.055208 0.170370
1 0.522135 0.555556 0.082812 0.111111
1 0.482292 0.749074 0.065625 0.150000
1 0.467187 0.881944 0.067708 0.136111
6 0.291146 0.286574 0.066667 0.143519
6 0.569531 0.307407 0.056771 0.177778
6 0.622656 0.309722 0.043229 0.197222
6 0.675521 0.337500 0.054167 0.202778
6 0.355990 0.654167 0.044271 0.228704
0 0.749479 0.447685 0.045833 0.189815
5 0.951302 0.615278 0.049479 0.137963
6 0.714063 0.195370 0.061458 0.142593
