0 0.184635 0.462500 0.046354 0.182407
0 0.251042 0.566204 0.112500 0.104630
0 0.251302 0.649074 0.079687 0.118519
0 0.227865 0.710648 0.084896 0.160185
0 0.720313 0.493519 0.106250 0.098148
0 0.802344 0.682870 0.082812 0.104630
6 0.734896 0.841667 0.060417 0.170370
1 0.457813 0.461574 0.066667 0.119444
1 0.492969 0.729630 0.066146 0.111111
1 0.435417 0.787963 0.086458 0.109259
1 0.486979 0.942593 0.052083 0.111111
6 0.315625 0.538426 0.056250 0.156481
6 0.707552 0.196296 0.048438 0.144444
6 0.590365 0.499074 0.041146 0.212963
6 0.342448 0.370370 0.075521 0.116667
6 0.488542 0.096759 0.089583 0.089815
6 0.932292 0.330556 0.058333 0.066667
