0 0.180990 0.461574 0.041146 0.156481
0 0.253125 0.552778 0.086458 0.098148
0 0.247396 0.628241 0.063542 0.134259
0 0.224479 0.706019 0.059375 0.139815
0 0.720573 0.497222 0.108854 0.077778
1 0.468750 0.407870 0.070833 0.137963
1 0.454427 0.524537 0.106771 0.076852
1 0.454167 0.624537 0.048958 0.091667
1 0.508594 0.764352 0.083854 0.080556
1 0.443490 0.779630 0.074479 0.096296
1 0.437500 0.892130 0.080208 0.078704
6 0.819792 0.368981 0.062500 0.125000
6 0.647135 0.281481 0.091146 0.103704
6 0.712760 0.177315 0.042188 0.132407
6 0.942969 0.378241 0.049479 0.097222
