0 0.203125 0.484722 0.087500 0.149074
0 0.252083 0.673148 0.094792 0.120370
1 0.413542 0.458796 0.092708 0.093519
1 0.478646 0.418519 0.058333 0.166667
1 0.489063 0.655093 0.056250 0.160185
1 0.422396 0.655093 0.090625 0.084259
1 0.450000 0.957870 0.071875 0.065741
0 0.753125 0.442593 0.066667 0.183333
0 0.692708 0.588889 0.122917 0.066667
6 0.574479 0.663889 0.062500 0.185185
6 0.656771 0.775926 0.119792 0.122222
6 0.681510 0.243056 0.035937 0.191667
6 0.864844 0.308333 0.042188 0.164815
6 0.939063 0.766204 0.027083 0.087963
6 0.909115 0.406019 0.044271 0.137963
6 0.239062 0.918519 0.060417 0.162963
