0 0.205208 0.485648 0.095833 0.097222
0 0.271615 0.599537 0.129688 0.084259
0 0.200521 0.713426 0.088542 0.132407
0 0.691406 0.598611 0.117188 0.093519
0 0.756510 0.453241 0.049479 0.186111
6 0.661458 0.181019 0.088542 0.097222
6 0.716667 0.229167 0.082292 0.125000
6 0.867969 0.289352 0.048438 0.202778
6 0.938802 0.425926 0.047396 0.159259
6 0.807292 0.790278 0.096875 0.071296
1 0.478906 0.394444 0.056771 0.183333
1 0.452604 0.525926 0.098958 0.098148
1 0.509115 0.621759 0.096354 0.104630
1 0.463802 0.692593 0.046354 0.148148
6 0.345833 0.930093 0.118750 0.093519
