6 0.108333 0.328241 0.055208 0.128704
6 0.126042 0.434722 0.075000 0.076852
6 0.290365 0.440741 0.108854 0.072222
6 0.547917 0.249074 0.039583 0.187037
0 0.391927 0.422222 0.044271 0.212963
0 0.468229 0.359722 0.065625 0.191667
0 0.289844 0.149537 0.065104 0.126852
6 0.738802 0.216667 0.044271 0.153704
2 0.880990 0.425000 0.076563 0.107407
2 0.871354 0.622222 0.061458 0.111111
2 0.936458 0.226852 0.064583 0.074074
2 0.938021 0.696759 0.061458 0.136111
2 0.935156 0.910185 0.073438 0.096296
5 0.165885 0.932870 0.055729 0.102778
