0 0.217708 0.481481 0.101042 0.112963
0 0.270052 0.618056 0.117188 0.097222
0 0.205208 0.722222 0.091667 0.138889
0 0.758594 0.447685 0.055729 0.189815
6 0.655729 0.184722 0.104167 0.097222
6 0.683854 0.643056 0.091667 0.089815
6 0.803125 0.931019 0.061458 0.080556
6 0.942187 0.473148 0.027083 0.175926
6 0.877604 0.387963 0.029167 0.170370
6 0.897135 0.200000 0.048438 0.101852
6 0.922396 0.833333 0.054167 0.129630
1 0.457813 0.508333 0.098958 0.101852
1 0.515104 0.638889 0.070833 0.109259
1 0.465885 0.677315 0.072396 0.117593
6 0.357552 0.925463 0.105729 0.073148
