4 0.151823 0.097685 0.049479 0.149074
4 0.797917 0.242130 0.132292 0.132407
0 0.231250 0.492130 0.121875 0.134259
0 0.254167 0.687037 0.098958 0.124074
0 0.186979 0.750000 0.055208 0.162963
1 0.465104 0.488426 0.085417 0.119444
1 0.483333 0.622685 0.063542 0.180556
1 0.455208 0.770370 0.104167 0.103704
1 0.480990 0.862037 0.048438 0.146296
6 0.545833 0.891667 0.061458 0.155556
6 0.599740 0.486574 0.089063 0.130556
0 0.794010 0.442593 0.075521 0.157407
0 0.688542 0.581481 0.114583 0.094444
0 0.770052 0.700926 0.048438 0.175926
6 0.728385 0.840741 0.111979 0.111111
4 0.160677 0.912037 0.075521 0.157407
