0 0.213542 0.493519 0.096875 0.120370
0 0.198177 0.718056 0.073438 0.134259
6 0.219792 0.937963 0.054167 0.124074
6 0.812500 0.925463 0.098958 0.084259
6 0.444531 0.232870 0.104688 0.082407
6 0.654687 0.172222 0.093750 0.096296
6 0.920312 0.230556 0.070833 0.101852
6 0.881510 0.404630 0.051562 0.164815
5 0.970833 0.597685 0.034375 0.112037
6 0.819531 0.162963 0.068229 0.157407
0 0.705990 0.521759 0.114062 0.089815
0 0.704948 0.639815 0.109896 0.088889
6 0.940104 0.776852 0.039583 0.140741
1 0.488021 0.401389 0.056250 0.171296
1 0.510677 0.542130 0.081771 0.091667
1 0.441406 0.801389 0.110937 0.082407
1 0.431510 0.890741 0.098437 0.111111
6 0.256510 0.620833 0.073438 0.102778
6 0.208594 0.174537 0.082812 0.084259
