6 0.155729 0.685185 0.051042 0.170370
6 0.634115 0.569907 0.110937 0.089815
6 0.437500 0.766667 0.090625 0.111111
6 0.743490 0.839352 0.069271 0.091667
6 0.282031 0.502778 0.046354 0.144444
6 0.483594 0.504167 0.045312 0.195370
6 0.536719 0.622685 0.047396 0.184259
6 0.559635 0.323148 0.076563 0.116667
6 0.286979 0.205093 0.059375 0.126852
0 0.487240 0.231019 0.114062 0.086111
0 0.469792 0.342130 0.122917 0.086111
5 0.751563 0.177315 0.071875 0.082407
2 0.936458 0.582407 0.054167 0.096296
2 0.934896 0.681944 0.063542 0.102778
2 0.925260 0.951389 0.078646 0.093519
