2 0.882031 0.345833 0.058854 0.100926
2 0.889583 0.453704 0.069792 0.107407
2 0.954167 0.569907 0.069792 0.104630
2 0.929167 0.674074 0.063542 0.100000
0 0.472135 0.353241 0.116146 0.089815
0 0.485417 0.224074 0.100000 0.072222
6 0.291406 0.183796 0.042188 0.123148
6 0.634115 0.425463 0.098437 0.091667
6 0.716667 0.500926 0.082292 0.124074
6 0.726302 0.662963 0.097396 0.118519
6 0.389323 0.693519 0.046354 0.179630
6 0.155729 0.672222 0.037500 0.150000
6 0.195052 0.932870 0.090104 0.126852
6 0.454687 0.915741 0.090625 0.111111
