6 0.661979 0.176389 0.097917 0.087963
6 0.725781 0.210648 0.082812 0.141667
0 0.217969 0.489352 0.108854 0.128704
0 0.203646 0.723611 0.077083 0.136111
6 0.175000 0.838889 0.071875 0.107407
6 0.709115 0.663889 0.069271 0.159259
6 0.771354 0.756481 0.096875 0.096296
6 0.881510 0.404630 0.039062 0.168519
6 0.934896 0.353704 0.041667 0.162963
6 0.951302 0.455093 0.045312 0.143519
1 0.484375 0.402315 0.046875 0.176852
1 0.509635 0.539352 0.077604 0.086111
1 0.521875 0.687500 0.095833 0.069444
1 0.446615 0.779630 0.082812 0.075926
1 0.433333 0.878241 0.088542 0.082407
6 0.341667 0.929167 0.068750 0.106481
6 0.813021 0.922222 0.089583 0.070370
6 0.403125 0.246759 0.101042 0.087963
