6 0.272135 0.181944 0.044271 0.130556
6 0.184375 0.562963 0.070833 0.068519
6 0.167448 0.903241 0.054688 0.178704
6 0.371615 0.818056 0.043229 0.184259
6 0.510677 0.842130 0.051562 0.189815
6 0.754427 0.475926 0.069271 0.155556
6 0.729948 0.202315 0.072396 0.071296
6 0.697396 0.133796 0.066667 0.084259
6 0.544271 0.127315 0.086458 0.139815
0 0.461198 0.381944 0.077604 0.182407
0 0.364844 0.396759 0.072396 0.191667
0 0.482812 0.227315 0.105208 0.082407
2 0.884635 0.436111 0.079687 0.112963
2 0.954688 0.485648 0.058333 0.162037
2 0.897656 0.594907 0.088021 0.128704
2 0.927865 0.859259 0.071354 0.094444
2 0.917708 0.200926 0.061458 0.107407
