0 0.191146 0.496759 0.097917 0.082407
0 0.241927 0.702315 0.086979 0.143519
0 0.203125 0.718981 0.100000 0.139815
6 0.365885 0.274074 0.102604 0.072222
6 0.657813 0.177315 0.085417 0.082407
6 0.730990 0.231944 0.078646 0.091667
6 0.800521 0.250926 0.062500 0.175926
6 0.878646 0.406019 0.037500 0.180556
0 0.804427 0.485648 0.082812 0.075000
1 0.477865 0.402315 0.042188 0.180556
1 0.441927 0.592130 0.105729 0.069444
1 0.523177 0.681944 0.080729 0.062037
1 0.438542 0.874537 0.086458 0.089815
6 0.888021 0.887963 0.054167 0.112963
6 0.161198 0.843056 0.084896 0.123148
6 0.343229 0.939352 0.108333 0.082407
6 0.669531 0.696296 0.104688 0.109259
