0 0.345833 0.359259 0.064583 0.170370
0 0.388021 0.400463 0.052083 0.191667
0 0.441927 0.349537 0.045312 0.121296
0 0.495833 0.270370 0.118750 0.061111
0 0.474219 0.196759 0.081771 0.139815
5 0.553906 0.118056 0.092188 0.093519
6 0.720833 0.158796 0.056250 0.180556
6 0.694010 0.536574 0.118229 0.084259
6 0.472396 0.512500 0.085417 0.086111
2 0.921875 0.193519 0.057292 0.092593
2 0.890104 0.399537 0.066667 0.117593
2 0.945573 0.303704 0.070312 0.120370
2 0.880208 0.590741 0.088542 0.155556
2 0.924740 0.866204 0.075521 0.084259
