2 0.922656 0.197222 0.045312 0.088889
2 0.935156 0.299074 0.047396 0.100000
2 0.864323 0.342130 0.071354 0.078704
2 0.873958 0.463889 0.072917 0.107407
2 0.878906 0.769907 0.072396 0.126852
2 0.934896 0.853704 0.055208 0.112963
2 0.927083 0.962500 0.057292 0.075000
6 0.722396 0.112963 0.059375 0.157407
6 0.703125 0.488426 0.063542 0.187963
5 0.662760 0.645833 0.073438 0.206481
5 0.456510 0.820833 0.080729 0.136111
6 0.621875 0.866667 0.098958 0.098148
0 0.462240 0.371296 0.109896 0.107407
0 0.333594 0.612963 0.086979 0.064815
