0 0.408594 0.408333 0.049479 0.164815
6 0.074740 0.378241 0.048438 0.132407
6 0.654167 0.371759 0.066667 0.180556
6 0.776042 0.223148 0.098958 0.105556
6 0.293490 0.136111 0.044271 0.125926
6 0.180990 0.738889 0.067187 0.162963
2 0.920573 0.195833 0.048438 0.084259
2 0.931510 0.311111 0.058854 0.116667
2 0.867448 0.340278 0.063021 0.086111
2 0.871354 0.457870 0.069792 0.080556
2 0.871875 0.760648 0.064583 0.102778
2 0.929948 0.835185 0.053646 0.114815
2 0.877865 0.924537 0.046354 0.089815
2 0.920312 0.950463 0.060417 0.087963
