0 0.182552 0.453241 0.046354 0.200926
0 0.242969 0.587500 0.080729 0.089815
0 0.247396 0.709722 0.083333 0.171296
0 0.776302 0.448148 0.056771 0.168519
0 0.732812 0.699074 0.050000 0.211111
6 0.705208 0.256019 0.061458 0.189815
6 0.875781 0.406944 0.046354 0.143519
6 0.768750 0.163889 0.065625 0.148148
6 0.959635 0.472222 0.048438 0.135185
5 0.973958 0.218519 0.034375 0.072222
1 0.480469 0.402315 0.045312 0.169444
1 0.443750 0.548611 0.092708 0.082407
1 0.514062 0.679167 0.088542 0.075000
1 0.428125 0.748611 0.095833 0.080556
1 0.499479 0.904167 0.089583 0.073148
0 0.336979 0.925463 0.093750 0.099074
6 0.539323 0.799074 0.110937 0.125926
