0 0.413281 0.410648 0.042188 0.200926
6 0.634896 0.564815 0.092708 0.172222
6 0.534635 0.615741 0.047396 0.159259
6 0.351823 0.860185 0.056771 0.183333
2 0.920833 0.191667 0.059375 0.096296
2 0.929948 0.295833 0.065104 0.093519
2 0.950521 0.460648 0.070833 0.150926
2 0.866667 0.341204 0.061458 0.095370
2 0.869271 0.463426 0.063542 0.087963
2 0.886979 0.649074 0.054167 0.103704
2 0.939063 0.680093 0.071875 0.091667
2 0.872396 0.763426 0.097917 0.078704
2 0.933333 0.852315 0.058333 0.095370
2 0.916146 0.949074 0.060417 0.098148
