1 0.482031 0.405093 0.048438 0.158333
1 0.441406 0.548148 0.102604 0.068519
1 0.518229 0.686574 0.101042 0.071296
1 0.482812 0.608333 0.103125 0.120370
1 0.445573 0.754630 0.091146 0.068519
1 0.497396 0.912500 0.097917 0.078704
6 0.715885 0.210185 0.052604 0.162963
0 0.775781 0.447222 0.055729 0.177778
0 0.732292 0.708796 0.065625 0.184259
0 0.243490 0.600926 0.085938 0.112963
0 0.236979 0.713426 0.098958 0.125000
6 0.330208 0.930093 0.097917 0.097222
0 0.182031 0.453241 0.049479 0.212037
5 0.932031 0.236111 0.051562 0.111111
6 0.959115 0.482870 0.049479 0.152778
6 0.592969 0.088426 0.110937 0.084259
