0 0.180469 0.475000 0.060937 0.187037
0 0.700000 0.118056 0.102083 0.075000
0 0.902604 0.339352 0.037500 0.141667
0 0.884375 0.407407 0.061458 0.170370
6 0.952604 0.495370 0.036458 0.155556
0 0.727865 0.461111 0.091146 0.162963
0 0.250000 0.585185 0.094792 0.116667
0 0.247917 0.713889 0.082292 0.155556
4 0.714323 0.279167 0.073438 0.139815
0 0.736979 0.721296 0.068750 0.198148
1 0.476823 0.396296 0.044271 0.175926
1 0.516667 0.480556 0.100000 0.061111
1 0.443750 0.556481 0.094792 0.087037
1 0.443750 0.762500 0.090625 0.080556
1 0.475000 0.655093 0.060417 0.134259
1 0.512500 0.831481 0.095833 0.075926
1 0.489583 0.916667 0.097917 0.077778
6 0.343750 0.919907 0.120833 0.084259
