0 0.245052 0.601852 0.113021 0.118519
1 0.476302 0.425000 0.081771 0.168519
0 0.729688 0.484722 0.092708 0.123148
0 0.738802 0.732870 0.048438 0.175000
6 0.689583 0.752315 0.064583 0.136111
1 0.431510 0.610185 0.100521 0.074074
1 0.445573 0.755556 0.086979 0.051852
1 0.482812 0.673148 0.094792 0.070370
1 0.485937 0.900463 0.103125 0.065741
6 0.714323 0.206944 0.069271 0.163889
6 0.874219 0.407407 0.046354 0.174074
6 0.945573 0.525000 0.046354 0.092593
6 0.912240 0.349537 0.048438 0.128704
6 0.239844 0.913889 0.074479 0.107407
6 0.345313 0.916667 0.097917 0.087037
6 0.586719 0.929167 0.072396 0.126852
