4 0.149740 0.101389 0.057812 0.137963
6 0.655208 0.170370 0.127083 0.068519
5 0.770833 0.711574 0.057292 0.121296
5 0.159896 0.912963 0.059375 0.131481
0 0.233333 0.497222 0.106250 0.120370
0 0.266146 0.594444 0.129167 0.051852
0 0.238281 0.694444 0.114062 0.090741
1 0.462240 0.485185 0.077604 0.109259
1 0.521354 0.535648 0.096875 0.067593
1 0.473698 0.727778 0.054688 0.150000
6 0.534375 0.908796 0.058333 0.143519
1 0.429427 0.891204 0.084896 0.080556
0 0.760677 0.443519 0.073438 0.188889
0 0.695573 0.566204 0.132812 0.067593
