0 0.138021 0.488426 0.058333 0.137963
0 0.686979 0.577315 0.119792 0.078704
0 0.733854 0.723148 0.060417 0.181481
0 0.752604 0.461111 0.100000 0.112963
6 0.655729 0.749074 0.076042 0.146296
1 0.468750 0.420370 0.047917 0.170370
1 0.529167 0.489352 0.101042 0.075000
1 0.496875 0.580556 0.064583 0.129630
1 0.423958 0.606944 0.085417 0.076852
1 0.496615 0.673148 0.109896 0.059259
1 0.451823 0.759722 0.080729 0.071296
1 0.496354 0.912037 0.097917 0.100000
6 0.703906 0.220370 0.047396 0.175926
6 0.359375 0.731944 0.061458 0.145370
6 0.944010 0.527778 0.034896 0.138889
6 0.907813 0.359259 0.041667 0.124074
6 0.871875 0.413889 0.038542 0.161111
