0 0.178906 0.444444 0.053646 0.207407
0 0.238281 0.542130 0.079687 0.213889
0 0.190365 0.726389 0.080729 0.141667
0 0.705729 0.564815 0.103125 0.114815
0 0.771094 0.453241 0.074479 0.143519
0 0.738281 0.715741 0.047396 0.177778
6 0.872917 0.409259 0.040625 0.166667
6 0.905469 0.356019 0.048438 0.137963
6 0.944531 0.529630 0.044271 0.077778
6 0.706250 0.241204 0.053125 0.187963
1 0.518490 0.492130 0.114062 0.087963
1 0.500260 0.575000 0.077604 0.107407
1 0.419792 0.588426 0.102083 0.073148
1 0.486719 0.675463 0.082812 0.078704
1 0.445573 0.761574 0.084896 0.082407
1 0.449479 0.841667 0.068750 0.062963
1 0.485417 0.898611 0.100000 0.069444
1 0.347656 0.924537 0.054688 0.139815
6 0.116927 0.811111 0.046354 0.170370
6 0.725521 0.828241 0.095833 0.078704
5 0.923177 0.238426 0.046354 0.132407
