0 0.176302 0.443056 0.054688 0.197222
0 0.242448 0.538426 0.088021 0.173148
6 0.412760 0.183796 0.073438 0.176852
6 0.702604 0.198148 0.052083 0.185185
0 0.750521 0.435648 0.063542 0.193519
0 0.700260 0.639815 0.073438 0.118519
0 0.744010 0.715741 0.072396 0.159259
6 0.926562 0.235648 0.056250 0.112037
6 0.914323 0.361111 0.048438 0.131481
6 0.945573 0.534259 0.042188 0.107407
6 0.918490 0.837037 0.046354 0.075926
6 0.871875 0.419444 0.034375 0.164815
1 0.500000 0.471296 0.082292 0.079630
1 0.506510 0.638889 0.088021 0.112963
1 0.426302 0.672685 0.082812 0.087963
1 0.447917 0.752778 0.089583 0.075926
1 0.440885 0.833333 0.079687 0.092593
1 0.484896 0.903704 0.116667 0.055556
