0 0.239844 0.525926 0.089063 0.159259
0 0.747917 0.432870 0.062500 0.173148
0 0.696094 0.644907 0.099479 0.139815
0 0.735938 0.704167 0.060417 0.175000
6 0.682813 0.179167 0.057292 0.158333
5 0.926042 0.229630 0.055208 0.103704
6 0.924740 0.377315 0.047396 0.149074
6 0.936979 0.537037 0.037500 0.109259
6 0.733333 0.875463 0.089583 0.141667
6 0.337240 0.909722 0.049479 0.152778
1 0.510938 0.628704 0.092708 0.103704
1 0.516146 0.482870 0.107292 0.099074
6 0.583073 0.778704 0.109896 0.066667
6 0.419792 0.937037 0.083333 0.103704
6 0.377604 0.552778 0.095833 0.148148
