0 0.250000 0.527778 0.078125 0.188889
6 0.327604 0.623611 0.105208 0.143519
0 0.715885 0.492130 0.106771 0.091667
0 0.727344 0.679167 0.055729 0.208333
6 0.657813 0.221296 0.087500 0.105556
6 0.813542 0.793056 0.107292 0.084259
1 0.505469 0.487500 0.099479 0.093519
1 0.444531 0.578241 0.074479 0.087963
1 0.517448 0.636111 0.075521 0.096296
1 0.469792 0.701852 0.072917 0.109259
1 0.456250 0.797222 0.085417 0.118519
6 0.330208 0.921296 0.059375 0.157407
6 0.925260 0.387037 0.050521 0.172222
6 0.941146 0.543981 0.039583 0.119444
5 0.922396 0.227778 0.050000 0.100000
4 0.112240 0.183796 0.043229 0.137963
1 0.494792 0.881944 0.088542 0.093519
