4 0.112240 0.180093 0.043229 0.134259
6 0.225260 0.167593 0.114062 0.077778
0 0.247135 0.525000 0.106771 0.153704
0 0.238021 0.705093 0.096875 0.130556
1 0.503906 0.484722 0.106771 0.087963
1 0.510417 0.624537 0.061458 0.119444
1 0.441667 0.577778 0.086458 0.094444
1 0.514062 0.776389 0.098958 0.082407
1 0.444531 0.805556 0.068229 0.138889
6 0.402604 0.912037 0.085417 0.096296
0 0.708073 0.509722 0.077604 0.119444
6 0.671875 0.218981 0.102083 0.078704
6 0.824740 0.412963 0.104688 0.098148
6 0.698177 0.923611 0.045312 0.141667
