0 0.207812 0.501852 0.088542 0.092593
0 0.703125 0.506944 0.113542 0.086111
6 0.704688 0.364815 0.062500 0.162963
6 0.811979 0.322222 0.071875 0.164815
6 0.943229 0.586111 0.031250 0.092593
6 0.206771 0.911574 0.054167 0.137963
1 0.503385 0.491204 0.083854 0.075000
1 0.498958 0.412963 0.092708 0.074074
1 0.516667 0.597685 0.071875 0.126852
1 0.425260 0.700000 0.082812 0.070370
1 0.469271 0.797685 0.063542 0.147222
1 0.490365 0.898611 0.111979 0.099074
1 0.427344 0.945370 0.115104 0.094444
6 0.489844 0.305556 0.098437 0.087037
