0 0.197396 0.492130 0.094792 0.145370
0 0.165885 0.722222 0.055729 0.137037
0 0.712240 0.510648 0.103646 0.089815
0 0.704948 0.655093 0.107812 0.126852
6 0.563542 0.217593 0.082292 0.109259
6 0.591146 0.268981 0.095833 0.143519
6 0.747396 0.937500 0.065625 0.086111
1 0.441146 0.595833 0.089583 0.106481
1 0.446094 0.682870 0.090104 0.089815
1 0.478385 0.787963 0.049479 0.105556
1 0.452604 0.967593 0.064583 0.061111
6 0.706771 0.295833 0.086458 0.121296
6 0.824740 0.321759 0.046354 0.145370
6 0.868490 0.244907 0.077604 0.084259
6 0.655208 0.413889 0.096875 0.075926
