0 0.229948 0.738426 0.082812 0.171296
6 0.705729 0.301852 0.054167 0.116667
0 0.734375 0.475000 0.104167 0.092593
0 0.709115 0.644444 0.118229 0.098148
0 0.654167 0.199074 0.060417 0.153704
1 0.501042 0.514352 0.068750 0.139815
6 0.827344 0.329630 0.047396 0.161111
6 0.908854 0.766204 0.035417 0.184259
6 0.801823 0.685185 0.075521 0.112963
6 0.766146 0.937963 0.050000 0.112963
1 0.447917 0.612037 0.097917 0.094444
1 0.463281 0.726852 0.043229 0.148148
1 0.472656 0.852315 0.044271 0.095370
1 0.433333 0.899074 0.094792 0.062963
1 0.465365 0.962500 0.073438 0.063889
