0 0.726823 0.482870 0.117188 0.119444
4 0.705990 0.307407 0.105729 0.124074
6 0.672396 0.150463 0.101042 0.086111
5 0.876042 0.236574 0.066667 0.093519
6 0.823958 0.309259 0.059375 0.127778
6 0.890104 0.428241 0.086458 0.117593
0 0.701042 0.593981 0.121875 0.087963
0 0.732812 0.685648 0.116667 0.099074
6 0.813542 0.861111 0.096875 0.101852
6 0.685417 0.856944 0.084375 0.136111
6 0.236458 0.769444 0.089583 0.120370
1 0.498958 0.518981 0.070833 0.145370
1 0.451042 0.559722 0.059375 0.130556
1 0.447135 0.693519 0.085938 0.075926
1 0.485417 0.797222 0.067708 0.107407
1 0.439583 0.814352 0.090625 0.087963
1 0.438021 0.897685 0.081250 0.082407
