0 0.260156 0.612963 0.113021 0.079630
0 0.733333 0.484722 0.117708 0.099074
0 0.698698 0.605556 0.115104 0.107407
0 0.756510 0.677315 0.101562 0.075000
6 0.685417 0.290278 0.090625 0.125000
6 0.684896 0.145833 0.083333 0.095370
6 0.676562 0.759259 0.120833 0.105556
6 0.822135 0.318981 0.075521 0.121296
5 0.877604 0.241204 0.067708 0.087963
1 0.502344 0.492593 0.051562 0.172222
1 0.453646 0.577778 0.058333 0.124074
1 0.441927 0.687963 0.081771 0.064815
1 0.490885 0.792130 0.058854 0.139815
1 0.439844 0.893519 0.073438 0.070370
6 0.961198 0.548148 0.036979 0.153704
6 0.152083 0.929167 0.068750 0.141667
