0 0.175000 0.487500 0.059375 0.162037
0 0.262240 0.614815 0.115104 0.072222
0 0.163802 0.719444 0.061979 0.124074
0 0.729167 0.482870 0.119792 0.091667
1 0.523698 0.459722 0.095312 0.062037
1 0.510156 0.535185 0.089063 0.059259
1 0.452083 0.600463 0.081250 0.121296
1 0.484375 0.785648 0.063542 0.123148
1 0.464323 0.878704 0.051562 0.116667
6 0.405990 0.790278 0.047396 0.197222
6 0.697135 0.365741 0.077604 0.114815
6 0.883073 0.231019 0.078646 0.089815
6 0.690625 0.629167 0.103125 0.100926
6 0.957031 0.557870 0.047396 0.134259
6 0.151042 0.935648 0.060417 0.082407
6 0.306250 0.937963 0.034375 0.116667
