0 0.182292 0.481019 0.062500 0.156481
0 0.276823 0.613889 0.114062 0.090741
0 0.237500 0.708796 0.095833 0.126852
0 0.165885 0.729167 0.049479 0.150926
0 0.727865 0.485648 0.113021 0.108333
0 0.762500 0.725926 0.071875 0.187037
6 0.699740 0.331944 0.048438 0.139815
6 0.353906 0.255556 0.076563 0.170370
6 0.679427 0.867593 0.086979 0.122222
6 0.409896 0.790278 0.057292 0.186111
5 0.872396 0.228704 0.059375 0.109259
1 0.505208 0.462963 0.096875 0.059259
1 0.494271 0.542130 0.093750 0.084259
1 0.450000 0.639815 0.069792 0.150000
1 0.489323 0.781481 0.073438 0.118519
1 0.464323 0.871759 0.049479 0.087963
6 0.399740 0.945370 0.075521 0.105556
