0 0.180990 0.482870 0.065104 0.152778
0 0.265625 0.615278 0.119792 0.091667
0 0.214844 0.717593 0.078646 0.155556
5 0.823958 0.316667 0.063542 0.109259
0 0.729948 0.487500 0.117188 0.093519
0 0.759115 0.729167 0.042188 0.204630
0 0.813542 0.715278 0.054167 0.147222
6 0.620573 0.662963 0.047396 0.161111
6 0.701042 0.317130 0.053125 0.150926
6 0.266146 0.344907 0.090625 0.099074
1 0.520573 0.440741 0.085938 0.092593
1 0.498958 0.538426 0.068750 0.126852
1 0.458854 0.629167 0.064583 0.143519
1 0.483854 0.788426 0.058333 0.100926
1 0.467708 0.881944 0.056250 0.136111
6 0.402083 0.741204 0.062500 0.184259
5 0.880469 0.237037 0.055729 0.109259
6 0.133073 0.825000 0.091146 0.105556
