0 0.449219 0.407407 0.075521 0.212963
0 0.490885 0.338426 0.108854 0.093519
0 0.475000 0.193519 0.125000 0.111111
6 0.531771 0.531019 0.043750 0.195370
6 0.192969 0.381019 0.088021 0.137963
6 0.720833 0.487500 0.103125 0.063889
6 0.640625 0.400000 0.045833 0.161111
6 0.599219 0.184722 0.103646 0.071296
2 0.923698 0.729167 0.105729 0.078704
2 0.927344 0.826389 0.068229 0.089815
2 0.931510 0.945833 0.070312 0.086111
6 0.642969 0.850463 0.080729 0.126852
6 0.434635 0.902315 0.050521 0.149074
6 0.297396 0.736574 0.054167 0.158333
6 0.391146 0.612500 0.052083 0.197222
6 0.881510 0.433796 0.027604 0.158333
