0 0.472135 0.195370 0.083854 0.079630
0 0.477344 0.318981 0.101562 0.104630
0 0.323698 0.298611 0.086979 0.095370
5 0.213021 0.234722 0.065625 0.104630
6 0.669271 0.400463 0.125000 0.099074
6 0.725260 0.337037 0.049479 0.175926
6 0.686458 0.279630 0.040625 0.187037
6 0.647656 0.201389 0.047396 0.180556
6 0.390625 0.507870 0.097917 0.091667
6 0.518750 0.627315 0.102083 0.132407
6 0.123437 0.328241 0.043750 0.197222
2 0.923438 0.725000 0.105208 0.090741
2 0.931510 0.833333 0.072396 0.085185
2 0.935417 0.940278 0.068750 0.076852
