5 0.214323 0.228704 0.083854 0.105556
5 0.113802 0.343056 0.048438 0.145370
0 0.477083 0.253704 0.093750 0.070370
0 0.473698 0.316204 0.100521 0.069444
0 0.436198 0.391667 0.047396 0.144444
6 0.396615 0.605556 0.071354 0.168519
6 0.350781 0.412500 0.096354 0.075000
6 0.179948 0.514352 0.073438 0.121296
6 0.727344 0.350463 0.041146 0.180556
6 0.689583 0.281481 0.038542 0.203704
2 0.890104 0.583333 0.077083 0.101852
2 0.919271 0.725463 0.101042 0.089815
2 0.932552 0.846296 0.080729 0.111111
2 0.935417 0.950463 0.060417 0.084259
