5 0.211198 0.231481 0.067187 0.118519
6 0.119531 0.358333 0.051562 0.179630
6 0.161719 0.415741 0.081771 0.107407
6 0.180469 0.548611 0.078646 0.078704
6 0.748437 0.546296 0.055208 0.168519
6 0.424740 0.598611 0.105729 0.075000
0 0.435417 0.425463 0.060417 0.184259
0 0.460677 0.404167 0.082812 0.160185
0 0.473438 0.321759 0.119792 0.073148
0 0.484375 0.252315 0.104167 0.078704
5 0.695573 0.296759 0.060937 0.149074
2 0.886719 0.585185 0.073438 0.105556
2 0.918750 0.729167 0.091667 0.093519
2 0.928385 0.830093 0.072396 0.082407
2 0.944010 0.945833 0.059896 0.082407
2 0.877083 0.875463 0.068750 0.106481
