0 0.346354 0.395833 0.069792 0.136111
0 0.429427 0.409259 0.082812 0.177778
0 0.476823 0.324537 0.100521 0.089815
0 0.485156 0.262500 0.109896 0.073148
6 0.704167 0.489352 0.037500 0.186111
2 0.885156 0.568056 0.054688 0.108333
2 0.888281 0.405093 0.048438 0.086111
2 0.944010 0.382870 0.047396 0.084259
2 0.923958 0.733796 0.100000 0.065741
2 0.928385 0.818056 0.072396 0.073148
2 0.936979 0.958796 0.069792 0.082407
2 0.873958 0.861111 0.064583 0.124074
5 0.210156 0.227778 0.075521 0.107407
5 0.690365 0.293056 0.074479 0.156481
6 0.339583 0.575926 0.060417 0.177778
