0 0.264583 0.612037 0.115625 0.081481
0 0.690104 0.566204 0.117708 0.075000
0 0.765104 0.449537 0.070833 0.186111
6 0.390625 0.671296 0.051042 0.205556
6 0.410938 0.872685 0.087500 0.104630
6 0.704427 0.309259 0.044271 0.170370
6 0.830990 0.313426 0.075521 0.136111
6 0.708073 0.820833 0.055729 0.147222
6 0.811458 0.906019 0.086458 0.137963
6 0.911719 0.543056 0.041146 0.139815
1 0.498437 0.445370 0.093750 0.081481
1 0.502083 0.569907 0.068750 0.089815
1 0.453646 0.701389 0.052083 0.145370
6 0.258594 0.343981 0.088021 0.097222
6 0.794531 0.136111 0.076563 0.122222
