0 0.337500 0.263426 0.064583 0.128704
0 0.387760 0.400926 0.041146 0.166667
0 0.443490 0.389815 0.074479 0.192593
0 0.467708 0.190741 0.068750 0.151852
6 0.501823 0.567130 0.046354 0.213889
6 0.138021 0.421759 0.062500 0.073148
6 0.737500 0.702778 0.085417 0.114815
2 0.886979 0.402778 0.064583 0.111111
2 0.926042 0.722222 0.097917 0.072222
2 0.875521 0.881944 0.076042 0.136111
2 0.947656 0.849074 0.054688 0.114815
6 0.097656 0.338889 0.080729 0.107407
6 0.160677 0.171296 0.045312 0.162963
6 0.523698 0.161111 0.043229 0.175926
