0 0.215885 0.465741 0.072396 0.175926
0 0.259115 0.621759 0.117188 0.078704
0 0.760938 0.456944 0.066667 0.171296
0 0.694531 0.562500 0.117188 0.071296
0 0.755990 0.706019 0.058854 0.150926
6 0.703646 0.297685 0.060417 0.182407
6 0.829167 0.315278 0.073958 0.143519
6 0.907552 0.542130 0.047396 0.106481
6 0.706510 0.825926 0.050521 0.164815
6 0.571615 0.802778 0.102604 0.088889
6 0.396094 0.885648 0.070312 0.089815
1 0.495312 0.456944 0.089583 0.100926
1 0.510156 0.587963 0.076563 0.118519
1 0.497135 0.809259 0.074479 0.124074
1 0.487760 0.931481 0.080729 0.111111
