0 0.215625 0.488426 0.056250 0.180556
0 0.258073 0.623611 0.113021 0.071296
0 0.216146 0.735648 0.039583 0.169444
0 0.180729 0.724074 0.033333 0.146296
6 0.704167 0.920833 0.059375 0.147222
6 0.686198 0.433333 0.075521 0.164815
6 0.697135 0.271759 0.069271 0.134259
6 0.405208 0.795833 0.105208 0.071296
1 0.493490 0.493519 0.057812 0.070370
1 0.491927 0.672685 0.068229 0.137963
6 0.614583 0.188889 0.057292 0.166667
6 0.413802 0.959722 0.101562 0.069444
6 0.896615 0.421759 0.051562 0.134259
6 0.928385 0.552778 0.070312 0.074074
5 0.913281 0.712500 0.072396 0.099074
