0 0.244010 0.522222 0.084896 0.151852
6 0.578125 0.339815 0.109375 0.098148
6 0.422917 0.321759 0.091667 0.137963
0 0.810156 0.437037 0.049479 0.168519
1 0.469271 0.726852 0.037500 0.112963
1 0.485677 0.529630 0.044271 0.151852
6 0.385417 0.941204 0.095833 0.082407
6 0.682813 0.932870 0.100000 0.087963
6 0.245573 0.882407 0.045312 0.177778
6 0.375000 0.148611 0.105208 0.082407
6 0.896094 0.425463 0.046354 0.152778
6 0.698698 0.312963 0.072396 0.155556
6 0.609896 0.180093 0.052083 0.169444
6 0.128906 0.926389 0.054688 0.136111
0 0.226302 0.681019 0.043229 0.162037
0 0.183073 0.721296 0.045312 0.159259
