0 0.253385 0.652315 0.079687 0.154630
0 0.209635 0.704630 0.038021 0.172222
0 0.710156 0.644444 0.092188 0.120370
5 0.662500 0.156019 0.062500 0.143519
6 0.926302 0.533796 0.046354 0.093519
6 0.706510 0.292130 0.080729 0.078704
6 0.974740 0.214352 0.040104 0.073148
6 0.201563 0.973148 0.060417 0.053704
6 0.128385 0.893519 0.053646 0.159259
1 0.489063 0.398148 0.064583 0.161111
1 0.496615 0.572222 0.051562 0.166667
1 0.512240 0.675000 0.084896 0.112963
1 0.500521 0.771759 0.083333 0.130556
1 0.457552 0.869907 0.042188 0.126852
6 0.374219 0.924537 0.076563 0.125000
