0 0.226302 0.496296 0.114062 0.100000
0 0.221354 0.729630 0.065625 0.161111
0 0.761719 0.706481 0.077604 0.168519
0 0.709635 0.615741 0.096354 0.098148
0 0.691406 0.504167 0.072396 0.141667
0 0.726823 0.423148 0.091146 0.164815
6 0.678906 0.227778 0.095312 0.096296
6 0.851302 0.393981 0.097396 0.082407
6 0.954167 0.562500 0.039583 0.143519
6 0.967187 0.877315 0.057292 0.087963
6 0.427865 0.187963 0.103646 0.107407
1 0.483333 0.516667 0.059375 0.162963
1 0.432552 0.699074 0.086979 0.068519
1 0.496875 0.761574 0.088542 0.067593
1 0.508594 0.852315 0.116146 0.080556
