5 0.118490 0.344907 0.069271 0.095370
0 0.746094 0.439815 0.054688 0.185185
0 0.706771 0.531944 0.094792 0.136111
0 0.762760 0.705093 0.075521 0.176852
6 0.714323 0.891667 0.118229 0.098148
6 0.950521 0.475926 0.040625 0.124074
6 0.688021 0.248148 0.097917 0.116667
6 0.504167 0.295370 0.066667 0.168519
6 0.929427 0.874537 0.070312 0.067593
0 0.222656 0.714352 0.070312 0.145370
0 0.177344 0.481944 0.074479 0.182407
6 0.120052 0.861111 0.038021 0.116667
1 0.527865 0.455093 0.116146 0.078704
1 0.512240 0.537500 0.102604 0.063889
1 0.477344 0.719444 0.053646 0.151852
1 0.494531 0.851852 0.083854 0.166667
