0 0.242448 0.691667 0.067187 0.168519
0 0.738021 0.443519 0.036458 0.198148
0 0.695052 0.533333 0.077604 0.127778
6 0.682552 0.240278 0.068229 0.154630
6 0.880469 0.209722 0.041146 0.128704
5 0.975781 0.329630 0.033854 0.111111
6 0.950260 0.498148 0.051562 0.122222
6 0.925260 0.868981 0.078646 0.093519
6 0.679427 0.895833 0.108854 0.093519
6 0.501563 0.311574 0.113542 0.093519
5 0.116406 0.343519 0.071354 0.105556
1 0.517188 0.457870 0.118750 0.069444
1 0.508073 0.536574 0.096354 0.073148
1 0.486458 0.727315 0.055208 0.143519
1 0.493490 0.840741 0.097396 0.100000
6 0.436979 0.577315 0.045833 0.186111
