0 0.214583 0.465278 0.062500 0.187963
0 0.249479 0.633333 0.104167 0.116667
6 0.110937 0.819907 0.070833 0.141667
1 0.531250 0.457870 0.105208 0.095370
1 0.480208 0.735648 0.059375 0.137963
1 0.514583 0.846759 0.089583 0.156481
6 0.676823 0.888426 0.107812 0.084259
0 0.755990 0.729630 0.052604 0.175926
0 0.695573 0.546759 0.076563 0.125000
0 0.736458 0.460648 0.037500 0.200926
6 0.909115 0.851389 0.074479 0.093519
6 0.682552 0.242130 0.074479 0.136111
6 0.513021 0.280556 0.088542 0.127778
6 0.873958 0.197222 0.036458 0.118519
6 0.949740 0.509259 0.042188 0.164815
