0 0.149219 0.482870 0.052604 0.134259
0 0.244010 0.633796 0.098437 0.134259
0 0.163021 0.725000 0.061458 0.148148
6 0.257031 0.768981 0.102604 0.097222
1 0.517708 0.455556 0.104167 0.107407
1 0.487240 0.730093 0.051562 0.130556
1 0.492969 0.854167 0.076563 0.141667
0 0.696875 0.539352 0.093750 0.154630
0 0.740625 0.444444 0.061458 0.175926
0 0.750521 0.734722 0.045833 0.171296
6 0.915885 0.876389 0.069271 0.125000
6 0.689583 0.882870 0.092708 0.076852
6 0.684896 0.243981 0.087500 0.132407
6 0.875521 0.212500 0.055208 0.134259
6 0.511979 0.276852 0.101042 0.120370
6 0.962500 0.518981 0.034375 0.149074
6 0.110417 0.819907 0.057292 0.123148
