0 0.209635 0.468519 0.082812 0.155556
0 0.247917 0.629167 0.082292 0.158333
0 0.198698 0.727778 0.050521 0.172222
0 0.752083 0.451389 0.066667 0.186111
0 0.694010 0.551389 0.109896 0.130556
0 0.753125 0.728704 0.056250 0.220370
6 0.919010 0.866204 0.079687 0.091667
6 0.689323 0.887500 0.110937 0.086111
6 0.957031 0.516204 0.039062 0.128704
6 0.690625 0.238426 0.090625 0.139815
6 0.882552 0.223148 0.051562 0.144444
1 0.515104 0.455093 0.116667 0.082407
1 0.487500 0.728241 0.059375 0.130556
1 0.484896 0.860185 0.075000 0.150000
6 0.264583 0.798148 0.073958 0.101852
