0 0.210677 0.473148 0.064062 0.187037
0 0.249479 0.639352 0.102083 0.139815
0 0.195573 0.734722 0.054688 0.158333
0 0.751823 0.453241 0.080729 0.147222
0 0.697135 0.550000 0.107812 0.100000
0 0.754687 0.731019 0.057292 0.204630
6 0.688542 0.904167 0.054167 0.126852
6 0.910156 0.853704 0.072396 0.051852
6 0.958073 0.537037 0.045312 0.112963
6 0.682292 0.231019 0.062500 0.154630
1 0.515104 0.462500 0.090625 0.089815
1 0.436979 0.594907 0.095833 0.097222
1 0.488802 0.721296 0.086979 0.127778
1 0.490365 0.856481 0.073438 0.150000
1 0.473438 0.966667 0.063542 0.051852
