0 0.195573 0.450000 0.072396 0.211111
0 0.260677 0.637963 0.131771 0.072222
0 0.172917 0.742130 0.057292 0.147222
0 0.760417 0.449537 0.067708 0.147222
0 0.716146 0.469444 0.091667 0.129630
0 0.690625 0.555556 0.098958 0.107407
0 0.757031 0.719444 0.058854 0.181481
6 0.228385 0.816204 0.090104 0.187963
6 0.674740 0.230093 0.081771 0.126852
6 0.508594 0.137037 0.090104 0.120370
6 0.957812 0.571759 0.032292 0.089815
6 0.906250 0.862963 0.078125 0.055556
6 0.633854 0.914815 0.092708 0.127778
1 0.520573 0.432870 0.107812 0.087963
1 0.487500 0.521296 0.089583 0.107407
1 0.441146 0.573611 0.095833 0.063889
1 0.476823 0.674074 0.054688 0.168519
1 0.465625 0.929167 0.054167 0.106481
