0 0.194010 0.462037 0.057812 0.161111
0 0.241146 0.486574 0.094792 0.130556
0 0.261458 0.604167 0.117708 0.086111
0 0.258073 0.676389 0.108854 0.084259
0 0.216927 0.716667 0.080729 0.125926
0 0.160677 0.744444 0.053646 0.170370
0 0.738281 0.443519 0.051562 0.188889
0 0.701042 0.525000 0.100000 0.072222
0 0.694531 0.596759 0.123437 0.071296
6 0.531771 0.175463 0.061458 0.204630
6 0.708073 0.305556 0.073438 0.148148
0 0.804948 0.493056 0.061979 0.093519
0 0.750000 0.713426 0.032292 0.193519
1 0.509115 0.522685 0.086979 0.134259
1 0.497656 0.731019 0.079687 0.125000
