0 0.164844 0.455093 0.047396 0.150926
0 0.207031 0.456944 0.053646 0.150926
0 0.266406 0.566204 0.109896 0.104630
0 0.218229 0.696296 0.063542 0.148148
0 0.798438 0.466204 0.070833 0.132407
6 0.689063 0.597685 0.069792 0.184259
6 0.835677 0.796759 0.052604 0.180556
6 0.455469 0.150000 0.113021 0.105556
1 0.509375 0.553704 0.091667 0.100000
1 0.510677 0.685648 0.114062 0.073148
1 0.513542 0.756944 0.119792 0.091667
6 0.535937 0.892593 0.057292 0.125926
6 0.900260 0.470370 0.052604 0.144444
6 0.187500 0.262500 0.098958 0.149074
4 0.157292 0.096759 0.038542 0.139815
