3 0.223177 0.134722 0.170313 0.086111
0 0.251042 0.536574 0.098958 0.080556
0 0.708594 0.477778 0.117188 0.109259
0 0.770833 0.471296 0.059375 0.125926
0 0.696094 0.558333 0.129688 0.101852
0 0.754427 0.728704 0.043229 0.220370
1 0.440625 0.562037 0.092708 0.070370
1 0.486719 0.825926 0.076563 0.118519
1 0.515625 0.431944 0.109375 0.100926
6 0.912760 0.856944 0.081771 0.082407
6 0.675260 0.232870 0.074479 0.128704
6 0.866927 0.289815 0.074479 0.109259
6 0.882552 0.487963 0.051562 0.170370
6 0.958073 0.569907 0.036979 0.121296
6 0.190885 0.857870 0.079687 0.076852
0 0.232813 0.734722 0.084375 0.125000
