6 0.110677 0.299537 0.044271 0.139815
0 0.185938 0.466667 0.063542 0.170370
0 0.247396 0.524074 0.097917 0.131481
0 0.217708 0.706944 0.086458 0.149074
6 0.271615 0.862963 0.073438 0.162963
1 0.483333 0.515278 0.057292 0.141667
1 0.437500 0.631019 0.086458 0.089815
1 0.504948 0.696296 0.117188 0.066667
1 0.497917 0.761574 0.122917 0.075000
6 0.538802 0.905093 0.065104 0.139815
0 0.717708 0.503241 0.131250 0.132407
0 0.769010 0.722222 0.048438 0.187037
6 0.549740 0.342130 0.142187 0.082407
5 0.903385 0.226852 0.076563 0.094444
