5 0.167187 0.157870 0.060417 0.136111
4 0.145052 0.373611 0.117188 0.119444
0 0.248958 0.512963 0.040625 0.164815
0 0.215885 0.734259 0.048438 0.166667
0 0.166146 0.744444 0.028125 0.170370
6 0.356510 0.681019 0.075521 0.150926
1 0.475260 0.644444 0.101562 0.094444
1 0.492969 0.781944 0.110937 0.091667
0 0.707552 0.487037 0.113021 0.057407
0 0.795312 0.455093 0.062500 0.147222
0 0.768229 0.702778 0.070833 0.164815
0 0.686979 0.585185 0.130208 0.087037
2 0.902604 0.586111 0.121875 0.122222
2 0.491927 0.429167 0.153646 0.102778
5 0.850260 0.804630 0.081771 0.107407
6 0.891146 0.221296 0.077083 0.124074
