5 0.369792 0.368519 0.096875 0.220370
5 0.408854 0.545370 0.091667 0.116667
4 0.123437 0.060185 0.039583 0.120370
0 0.244010 0.668981 0.108854 0.084259
3 0.258333 0.829630 0.126042 0.172222
6 0.355990 0.165741 0.134896 0.087037
0 0.729688 0.474074 0.125000 0.144444
0 0.685937 0.583333 0.126042 0.070370
0 0.688021 0.695370 0.113542 0.157407
0 0.763021 0.708796 0.098958 0.141667
1 0.500521 0.776389 0.100000 0.082407
1 0.487500 0.881019 0.102083 0.095370
1 0.482031 0.956944 0.113021 0.071296
6 0.884115 0.218981 0.038021 0.132407
