4 0.157812 0.157407 0.065625 0.114815
6 0.181771 0.264352 0.061458 0.102778
5 0.370052 0.375463 0.086979 0.184259
1 0.470833 0.493519 0.090625 0.112963
1 0.498958 0.616204 0.098958 0.089815
6 0.349219 0.750000 0.047396 0.166667
6 0.581250 0.906944 0.102083 0.128704
0 0.216667 0.450463 0.062500 0.206481
0 0.259635 0.573611 0.120313 0.082407
0 0.240885 0.674537 0.110937 0.069444
0 0.757552 0.705093 0.065104 0.156481
0 0.688281 0.584259 0.108854 0.088889
0 0.718229 0.477315 0.102083 0.149074
6 0.889323 0.231944 0.044271 0.134259
6 0.276302 0.795370 0.102604 0.118519
