6 0.419531 0.506481 0.106771 0.109259
6 0.340104 0.413889 0.126042 0.057407
6 0.311458 0.276852 0.082292 0.109259
6 0.091146 0.403241 0.053125 0.113889
6 0.729427 0.545833 0.081771 0.091667
2 0.856771 0.171759 0.062500 0.093519
2 0.852344 0.256944 0.075521 0.091667
2 0.920573 0.217593 0.048438 0.101852
2 0.862500 0.365741 0.071875 0.092593
2 0.930469 0.389815 0.064062 0.101852
2 0.932292 0.501852 0.058333 0.088889
2 0.877083 0.477778 0.072917 0.109259
2 0.874479 0.632870 0.071875 0.132407
2 0.942187 0.632407 0.067708 0.125926
2 0.932552 0.757870 0.056771 0.097222
2 0.882031 0.770833 0.060937 0.093519
2 0.859896 0.886574 0.075000 0.080556
2 0.922396 0.881481 0.050000 0.107407
2 0.847135 0.954167 0.073438 0.069444
2 0.922917 0.967593 0.063542 0.064815
