2 0.856250 0.180093 0.069792 0.102778
2 0.924479 0.225926 0.052083 0.096296
2 0.859375 0.256944 0.067708 0.091667
2 0.863542 0.358333 0.065625 0.103704
2 0.934375 0.388889 0.054167 0.088889
2 0.879167 0.460185 0.068750 0.111111
2 0.936979 0.493056 0.061458 0.089815
2 0.872917 0.622222 0.070833 0.114815
2 0.928646 0.627778 0.064583 0.112963
2 0.934375 0.746296 0.060417 0.098148
2 0.869792 0.767593 0.060417 0.109259
2 0.861198 0.890278 0.075521 0.086111
2 0.929427 0.879630 0.044271 0.103704
2 0.849219 0.954167 0.057812 0.076852
2 0.918750 0.955093 0.059375 0.075000
6 0.689063 0.181019 0.065625 0.208333
6 0.740365 0.557870 0.069271 0.137963
6 0.428385 0.492130 0.113021 0.126852
6 0.350260 0.438889 0.116146 0.068519
6 0.318490 0.273148 0.078646 0.109259
6 0.192448 0.122685 0.078646 0.095370
