6 0.080208 0.218519 0.055208 0.157407
6 0.310937 0.421759 0.071875 0.141667
5 0.188542 0.129167 0.064583 0.125000
5 0.645052 0.528704 0.080729 0.107407
2 0.856250 0.176389 0.063542 0.091667
2 0.858333 0.266204 0.065625 0.091667
2 0.916927 0.219444 0.051562 0.094444
2 0.929948 0.394444 0.069271 0.096296
2 0.855729 0.370370 0.058333 0.116667
2 0.859896 0.501852 0.068750 0.088889
2 0.942708 0.500926 0.062500 0.098148
2 0.933594 0.625000 0.070312 0.111111
2 0.866406 0.621296 0.065104 0.105556
2 0.867448 0.761574 0.059896 0.086111
2 0.932031 0.740741 0.069271 0.109259
2 0.923438 0.886111 0.070833 0.116667
2 0.860938 0.889815 0.088542 0.081481
2 0.848437 0.956019 0.061458 0.076852
2 0.917708 0.965278 0.063542 0.069444
6 0.758073 0.498148 0.038021 0.179630
6 0.087240 0.406481 0.053646 0.103704
