6 0.442448 0.442593 0.040104 0.200000
6 0.074479 0.236574 0.038542 0.165741
6 0.172917 0.779630 0.071875 0.157407
0 0.462760 0.172222 0.068229 0.164815
5 0.185417 0.124537 0.072917 0.115741
5 0.648177 0.528704 0.082812 0.137037
5 0.134115 0.527778 0.054688 0.151852
2 0.916927 0.223148 0.049479 0.094444
2 0.853906 0.173611 0.080729 0.086111
2 0.858854 0.264352 0.070833 0.095370
2 0.867188 0.371296 0.062500 0.107407
2 0.935677 0.383333 0.074479 0.114815
2 0.941927 0.495833 0.053646 0.091667
2 0.866927 0.497222 0.086979 0.090741
2 0.869531 0.626389 0.085938 0.099074
2 0.936979 0.624074 0.048958 0.111111
2 0.930469 0.749074 0.050521 0.129630
2 0.860938 0.757407 0.072917 0.101852
2 0.862500 0.894444 0.087500 0.068519
2 0.924219 0.879167 0.046354 0.102778
2 0.851302 0.959722 0.069271 0.073148
2 0.913021 0.971296 0.063542 0.050000
