2 0.857292 0.172222 0.071875 0.100000
2 0.923958 0.225000 0.069792 0.098148
2 0.861979 0.264352 0.066667 0.091667
2 0.860417 0.372222 0.061458 0.109259
2 0.934375 0.385185 0.070833 0.122222
2 0.938542 0.490278 0.054167 0.099074
2 0.875000 0.628704 0.077083 0.114815
2 0.941667 0.625463 0.056250 0.108333
2 0.929948 0.747222 0.053646 0.129630
2 0.863021 0.757407 0.062500 0.109259
2 0.861198 0.888426 0.075521 0.084259
2 0.937500 0.885185 0.056250 0.111111
2 0.847396 0.966667 0.065625 0.062963
2 0.916406 0.970370 0.052604 0.048148
5 0.650000 0.519444 0.090625 0.107407
6 0.759635 0.526852 0.041146 0.150000
6 0.292708 0.421296 0.061458 0.157407
6 0.199219 0.128241 0.085938 0.076852
6 0.440104 0.526852 0.067708 0.211111
0 0.465625 0.224537 0.084375 0.134259
