5 0.130208 0.370370 0.062500 0.120370
6 0.076302 0.275926 0.047396 0.157407
6 0.360938 0.500926 0.062500 0.185185
6 0.256510 0.735648 0.049479 0.160185
5 0.649740 0.528704 0.103646 0.114815
5 0.178385 0.808796 0.091146 0.076852
2 0.859375 0.174537 0.073958 0.091667
2 0.920312 0.218981 0.056250 0.086111
2 0.860938 0.256944 0.064583 0.091667
2 0.860938 0.357407 0.060417 0.101852
2 0.933854 0.395370 0.065625 0.109259
2 0.933073 0.493981 0.055729 0.080556
2 0.863802 0.501852 0.082812 0.079630
2 0.869010 0.618981 0.076563 0.099074
2 0.933333 0.630556 0.056250 0.107407
2 0.935417 0.752778 0.054167 0.114815
2 0.864583 0.767130 0.057292 0.104630
2 0.862240 0.885185 0.075521 0.068519
2 0.924479 0.885185 0.060417 0.103704
2 0.849479 0.962500 0.065625 0.075000
2 0.914323 0.970370 0.060937 0.055556
6 0.759635 0.543056 0.055729 0.154630
6 0.494010 0.215278 0.054688 0.182407
