6 0.068229 0.301852 0.033333 0.166667
6 0.207031 0.675463 0.071354 0.147222
6 0.270052 0.827778 0.044271 0.153704
6 0.274219 0.360185 0.046354 0.168519
0 0.480990 0.216667 0.102604 0.107407
5 0.658333 0.524074 0.090625 0.124074
5 0.179427 0.804630 0.080729 0.085185
5 0.123958 0.370833 0.060417 0.136111
2 0.859896 0.175463 0.084375 0.086111
2 0.918490 0.215278 0.052604 0.082407
2 0.859896 0.259722 0.077083 0.097222
2 0.939844 0.381019 0.051562 0.141667
2 0.864583 0.367593 0.063542 0.111111
2 0.936458 0.496759 0.068750 0.082407
2 0.930469 0.626389 0.066146 0.102778
2 0.862760 0.624537 0.072396 0.110185
2 0.859896 0.765278 0.056250 0.093519
2 0.941146 0.752778 0.065625 0.107407
2 0.857552 0.888889 0.081771 0.085185
2 0.926042 0.877315 0.055208 0.095370
2 0.850000 0.959722 0.062500 0.069444
2 0.915625 0.969444 0.059375 0.046296
6 0.757292 0.540278 0.062500 0.145370
