6 0.067708 0.280556 0.030208 0.151852
6 0.221615 0.725000 0.082812 0.155556
6 0.632031 0.723611 0.106771 0.082407
5 0.179427 0.812963 0.082812 0.105556
5 0.653646 0.520833 0.085417 0.134259
0 0.480990 0.206944 0.110937 0.099074
6 0.239062 0.339352 0.060417 0.141667
6 0.267188 0.105556 0.086458 0.072222
6 0.746094 0.238889 0.076563 0.109259
6 0.723958 0.519444 0.036458 0.161111
6 0.765625 0.543519 0.041667 0.166667
2 0.856771 0.169907 0.086458 0.089815
2 0.918750 0.222685 0.053125 0.084259
2 0.860938 0.260648 0.064583 0.091667
2 0.864062 0.358333 0.064583 0.088889
2 0.937500 0.382870 0.056250 0.130556
2 0.870312 0.627315 0.065625 0.100926
2 0.863542 0.765741 0.057292 0.109259
2 0.940625 0.751852 0.066667 0.116667
2 0.862240 0.895370 0.081771 0.105556
2 0.918750 0.875463 0.053125 0.119444
2 0.871875 0.979630 0.000000 0.001852
2 0.936719 0.493056 0.048438 0.071296
2 0.933073 0.618519 0.079687 0.100000
2 0.913281 0.970370 0.068229 0.048148
2 0.845313 0.962963 0.071875 0.062963
