0 0.490104 0.226852 0.129167 0.066667
6 0.708594 0.517593 0.089063 0.111111
6 0.589323 0.343056 0.105729 0.091667
6 0.241927 0.283333 0.068229 0.111111
6 0.071615 0.288426 0.050521 0.158333
6 0.761719 0.570370 0.051562 0.166667
2 0.860938 0.171759 0.070833 0.082407
2 0.854948 0.259722 0.072396 0.086111
2 0.916406 0.225000 0.052604 0.098148
2 0.864844 0.353241 0.070312 0.089815
2 0.932292 0.383333 0.060417 0.111111
2 0.936458 0.497222 0.070833 0.109259
2 0.929948 0.625000 0.067187 0.111111
2 0.872396 0.617593 0.069792 0.109259
2 0.863802 0.766667 0.054688 0.107407
2 0.938542 0.752778 0.075000 0.111111
2 0.859896 0.890278 0.072917 0.086111
2 0.929427 0.879630 0.064062 0.107407
6 0.226302 0.711111 0.073438 0.107407
