6 0.218229 0.710648 0.113542 0.123148
6 0.566667 0.509259 0.058333 0.225926
6 0.262500 0.300926 0.055208 0.175926
6 0.064844 0.287500 0.049479 0.152778
5 0.182031 0.810648 0.071354 0.087963
5 0.653646 0.516204 0.083333 0.125000
5 0.129167 0.368056 0.058333 0.126852
2 0.860417 0.170370 0.071875 0.096296
2 0.922917 0.216667 0.061458 0.100000
2 0.858073 0.261574 0.078646 0.082407
2 0.861458 0.363889 0.063542 0.092593
2 0.933333 0.387963 0.066667 0.112963
2 0.942187 0.491204 0.061458 0.093519
2 0.930469 0.621296 0.064062 0.112963
2 0.876042 0.624537 0.066667 0.126852
2 0.866667 0.766204 0.061458 0.102778
2 0.941406 0.750926 0.074479 0.107407
2 0.924740 0.878704 0.049479 0.105556
2 0.860417 0.883333 0.085417 0.072222
2 0.850781 0.959722 0.074479 0.062037
2 0.919792 0.969444 0.063542 0.053704
