2 0.861458 0.169444 0.065625 0.090741
2 0.921875 0.246759 0.045833 0.134259
2 0.936458 0.388889 0.064583 0.111111
2 0.866927 0.363889 0.058854 0.088889
2 0.853385 0.263426 0.077604 0.089815
2 0.935417 0.493981 0.052083 0.091667
2 0.938021 0.631019 0.051042 0.086111
2 0.872656 0.622685 0.073438 0.123148
2 0.941667 0.746296 0.056250 0.105556
2 0.863021 0.760648 0.062500 0.084259
2 0.863281 0.890741 0.079687 0.088889
2 0.928385 0.875926 0.058854 0.111111
2 0.850781 0.957870 0.064062 0.073148
2 0.916927 0.963889 0.051562 0.064815
0 0.479427 0.219444 0.111979 0.070370
6 0.067448 0.293981 0.048438 0.139815
6 0.255208 0.117130 0.064583 0.084259
5 0.649219 0.518981 0.091146 0.126852
5 0.176823 0.813426 0.081771 0.093519
6 0.759635 0.401852 0.041146 0.164815
