6 0.291406 0.361111 0.056771 0.188889
6 0.722917 0.211574 0.088542 0.132407
6 0.071094 0.293981 0.043229 0.143519
5 0.124479 0.382870 0.057292 0.134259
5 0.185938 0.811574 0.091667 0.082407
0 0.490365 0.228704 0.109896 0.070370
2 0.872396 0.171296 0.067708 0.105556
2 0.922396 0.227778 0.047917 0.118519
2 0.861979 0.267593 0.066667 0.109259
2 0.862760 0.366667 0.080729 0.124074
2 0.934115 0.379167 0.049479 0.130556
2 0.933333 0.493519 0.062500 0.101852
2 0.888542 0.536574 0.055208 0.145370
2 0.878385 0.630556 0.083854 0.114815
2 0.942448 0.627315 0.054688 0.104630
2 0.940104 0.749074 0.061458 0.100000
2 0.860938 0.756481 0.062500 0.100000
2 0.927604 0.874074 0.062500 0.109259
2 0.858854 0.880093 0.101042 0.075000
2 0.848698 0.958796 0.080729 0.067593
2 0.920833 0.964815 0.051042 0.066667
6 0.235937 0.654167 0.088542 0.132407
