6 0.363281 0.502778 0.071354 0.174074
6 0.288802 0.374537 0.063021 0.189815
0 0.486979 0.224074 0.116667 0.061111
5 0.132552 0.377315 0.081771 0.123148
2 0.861979 0.171296 0.072917 0.070370
2 0.921354 0.231944 0.052083 0.119444
2 0.860938 0.261574 0.064583 0.082407
2 0.862500 0.361111 0.065625 0.083333
2 0.934375 0.392593 0.060417 0.096296
2 0.941146 0.501852 0.057292 0.107407
2 0.942708 0.626852 0.062500 0.107407
2 0.873177 0.628241 0.078646 0.123148
2 0.940625 0.750000 0.064583 0.105556
2 0.861979 0.762500 0.058333 0.095370
2 0.930469 0.873611 0.052604 0.095370
2 0.859375 0.885185 0.063542 0.075926
2 0.855208 0.962500 0.055208 0.067593
2 0.917969 0.963426 0.045312 0.065741
6 0.758594 0.318056 0.073438 0.115741
6 0.721354 0.585185 0.087500 0.105556
