6 0.419271 0.460648 0.056250 0.158333
6 0.259115 0.849537 0.046354 0.171296
6 0.072135 0.287500 0.047396 0.134259
6 0.271875 0.360185 0.059375 0.187037
0 0.482812 0.226389 0.116667 0.087963
2 0.865885 0.186574 0.074479 0.097222
2 0.924479 0.238426 0.054167 0.117593
2 0.854687 0.263426 0.064583 0.086111
2 0.859375 0.362963 0.065625 0.094444
2 0.935417 0.390741 0.056250 0.103704
2 0.933854 0.496759 0.059375 0.089815
2 0.936979 0.627315 0.059375 0.089815
2 0.867969 0.613889 0.076563 0.105556
2 0.861979 0.751852 0.056250 0.101852
2 0.936458 0.743519 0.062500 0.111111
2 0.926823 0.872685 0.045312 0.093519
2 0.858854 0.887500 0.072917 0.086111
2 0.856250 0.960185 0.069792 0.057407
2 0.918490 0.961574 0.050521 0.065741
