2 0.863802 0.181019 0.074479 0.104630
2 0.928906 0.242130 0.057812 0.132407
2 0.859375 0.265278 0.057292 0.086111
2 0.869010 0.372222 0.072396 0.116667
2 0.933854 0.393519 0.061458 0.116667
2 0.943750 0.502778 0.062500 0.112963
2 0.936458 0.639815 0.058333 0.125926
2 0.871354 0.622685 0.061458 0.115741
2 0.860417 0.760648 0.061458 0.099074
2 0.941146 0.760185 0.065625 0.103704
2 0.920833 0.881019 0.048958 0.095370
2 0.865365 0.893981 0.079687 0.075000
2 0.853906 0.963426 0.070312 0.065741
2 0.919531 0.965741 0.042188 0.064815
6 0.289323 0.377778 0.076563 0.168519
6 0.218750 0.238426 0.098958 0.067593
6 0.237500 0.103241 0.053125 0.080556
6 0.128125 0.369907 0.054167 0.141667
6 0.067708 0.296296 0.030208 0.162963
