6 0.124479 0.381019 0.063542 0.126852
6 0.067187 0.293056 0.031250 0.169444
6 0.112760 0.197685 0.050521 0.087963
6 0.234896 0.112037 0.047917 0.087037
6 0.302865 0.372685 0.101562 0.082407
6 0.618490 0.617593 0.041146 0.212963
6 0.527083 0.870833 0.088542 0.121296
6 0.663802 0.092130 0.061979 0.180556
6 0.758073 0.514352 0.054688 0.165741
2 0.864323 0.178704 0.075521 0.112963
2 0.933854 0.207407 0.057292 0.112963
2 0.849740 0.262500 0.082812 0.087963
2 0.865625 0.362963 0.061458 0.101852
2 0.933594 0.396296 0.054688 0.118519
2 0.945052 0.508333 0.073438 0.120370
2 0.943490 0.615741 0.058854 0.109259
2 0.870573 0.622222 0.077604 0.107407
2 0.939063 0.746296 0.061458 0.101852
2 0.864062 0.756481 0.064583 0.100000
2 0.867969 0.893056 0.076563 0.084259
2 0.926302 0.871759 0.042188 0.087963
2 0.850000 0.962963 0.062500 0.062963
2 0.913281 0.966667 0.054688 0.055556
