2 0.861458 0.183796 0.071875 0.091667
2 0.858854 0.258796 0.062500 0.084259
2 0.927865 0.191667 0.047396 0.107407
2 0.927083 0.390741 0.057292 0.111111
2 0.878906 0.397685 0.048438 0.097222
2 0.875000 0.621296 0.075000 0.112963
2 0.941146 0.620833 0.057292 0.095370
2 0.945052 0.752778 0.051562 0.100000
2 0.863542 0.756481 0.069792 0.103704
2 0.863802 0.887963 0.076563 0.094444
2 0.925781 0.880093 0.049479 0.097222
2 0.847917 0.956944 0.064583 0.071296
2 0.914323 0.956944 0.064062 0.067593
6 0.569010 0.312963 0.057812 0.170370
6 0.675000 0.105556 0.069792 0.183333
6 0.526302 0.869907 0.082812 0.137963
6 0.652865 0.869444 0.073438 0.161111
6 0.273177 0.512037 0.056771 0.162963
6 0.229687 0.089352 0.058333 0.071296
6 0.075260 0.268056 0.045312 0.134259
5 0.127604 0.370833 0.069792 0.121296
