2 0.857812 0.265278 0.068750 0.097222
2 0.935677 0.194444 0.050521 0.105556
2 0.866927 0.173611 0.070312 0.089815
2 0.863021 0.353241 0.060417 0.089815
2 0.953125 0.376389 0.057292 0.136111
2 0.872656 0.637963 0.077604 0.133333
2 0.937760 0.626389 0.047396 0.123148
2 0.930729 0.757407 0.061458 0.101852
2 0.869531 0.765278 0.067187 0.093519
2 0.856510 0.887500 0.077604 0.082407
2 0.923438 0.879167 0.056250 0.084259
2 0.849479 0.960648 0.059375 0.063889
2 0.909375 0.964815 0.066667 0.062963
6 0.598177 0.443981 0.049479 0.195370
6 0.682552 0.507407 0.056771 0.168519
6 0.727344 0.192593 0.077604 0.144444
6 0.486979 0.625463 0.092708 0.132407
6 0.531771 0.854167 0.097917 0.126852
6 0.235417 0.094907 0.061458 0.078704
6 0.078125 0.271759 0.055208 0.130556
6 0.098698 0.160185 0.054688 0.051852
5 0.123958 0.380093 0.062500 0.132407
