5 0.123437 0.367130 0.061458 0.132407
5 0.676562 0.426389 0.062500 0.136111
6 0.077083 0.272685 0.039583 0.139815
6 0.263021 0.751852 0.066667 0.177778
6 0.623437 0.310648 0.041667 0.199074
6 0.229948 0.091667 0.046354 0.064815
2 0.859896 0.259722 0.064583 0.086111
2 0.860938 0.348611 0.068750 0.084259
2 0.873437 0.628704 0.065625 0.111111
2 0.932292 0.625463 0.064583 0.128704
2 0.930990 0.752778 0.049479 0.092593
2 0.861458 0.758796 0.065625 0.084259
2 0.862760 0.902315 0.074479 0.076852
2 0.919271 0.883796 0.070833 0.089815
2 0.925781 0.971296 0.049479 0.057407
2 0.843750 0.960648 0.084375 0.067593
6 0.623958 0.704630 0.122917 0.103704
6 0.189062 0.347685 0.063542 0.086111
