6 0.405208 0.413889 0.060417 0.211111
6 0.542188 0.621759 0.120833 0.075000
6 0.455469 0.956944 0.113021 0.086111
6 0.233333 0.092130 0.055208 0.095370
6 0.070573 0.287500 0.052604 0.141667
5 0.671354 0.420370 0.075000 0.148148
2 0.869792 0.184722 0.060417 0.093519
2 0.864062 0.261574 0.060417 0.082407
2 0.860938 0.342130 0.062500 0.078704
2 0.954167 0.396296 0.059375 0.172222
2 0.873958 0.629630 0.080208 0.116667
2 0.937500 0.621759 0.066667 0.121296
2 0.934375 0.749074 0.060417 0.088889
2 0.867448 0.764352 0.071354 0.095370
2 0.875521 0.884259 0.076042 0.059259
2 0.926823 0.881944 0.043229 0.093519
2 0.851823 0.956944 0.068229 0.075000
2 0.917448 0.969444 0.046354 0.053704
