0 0.150521 0.492130 0.059375 0.149074
0 0.196615 0.490278 0.035937 0.184259
0 0.240625 0.485648 0.095833 0.136111
0 0.267708 0.593056 0.134375 0.078704
0 0.255469 0.667593 0.077604 0.135185
0 0.225260 0.712500 0.055729 0.149074
0 0.192448 0.720833 0.072396 0.139815
1 0.497917 0.527778 0.088542 0.124074
1 0.511719 0.652315 0.085938 0.097222
1 0.507552 0.808333 0.114062 0.096296
6 0.519792 0.146759 0.100000 0.143519
0 0.743490 0.444444 0.055729 0.196296
0 0.703646 0.529630 0.103125 0.066667
0 0.692969 0.591204 0.120313 0.043519
0 0.716667 0.686111 0.064583 0.168519
0 0.750521 0.710648 0.033333 0.210185
6 0.863542 0.895370 0.100000 0.101852
