4 0.115885 0.162037 0.046354 0.109259
0 0.255469 0.530556 0.120313 0.103704
0 0.258594 0.624537 0.127604 0.058333
0 0.219271 0.711574 0.104167 0.125000
5 0.120052 0.843056 0.048438 0.123148
4 0.328125 0.730093 0.117708 0.084259
1 0.494792 0.456019 0.088542 0.141667
1 0.489323 0.664815 0.105729 0.122222
1 0.495573 0.870833 0.116146 0.121296
6 0.777604 0.365741 0.091667 0.129630
0 0.725781 0.477778 0.126562 0.127778
0 0.691667 0.579167 0.118750 0.078704
0 0.766146 0.689815 0.064583 0.125926
5 0.843750 0.803704 0.070833 0.112963
6 0.886719 0.205093 0.045312 0.130556
