2 0.385156 0.087963 0.052604 0.096296
2 0.509635 0.119444 0.039062 0.051852
2 0.688542 0.216204 0.036458 0.076852
2 0.648958 0.195833 0.030208 0.084259
2 0.621615 0.218981 0.041146 0.086111
2 0.577604 0.210648 0.034375 0.084259
2 0.514583 0.205093 0.035417 0.069444
2 0.474479 0.204167 0.033333 0.067593
2 0.369792 0.287037 0.036458 0.061111
2 0.433854 0.287500 0.027083 0.076852
2 0.521354 0.281481 0.028125 0.075926
2 0.559375 0.304630 0.032292 0.061111
2 0.644271 0.312037 0.034375 0.057407
2 0.692708 0.313889 0.032292 0.057407
2 0.732812 0.311111 0.032292 0.062963
2 0.738542 0.376389 0.025000 0.063889
2 0.808073 0.394907 0.045312 0.087963
2 0.704167 0.375000 0.029167 0.055556
2 0.641146 0.419444 0.044792 0.064815
2 0.596354 0.410185 0.035417 0.053704
2 0.546875 0.408333 0.035417 0.046296
2 0.545833 0.355556 0.035417 0.059259
2 0.503646 0.358333 0.035417 0.050000
2 0.451042 0.350463 0.035417 0.045370
2 0.405208 0.386574 0.032292 0.080556
2 0.444010 0.403704 0.039062 0.055556
2 0.505990 0.414815 0.038021 0.059259
2 0.345833 0.516204 0.034375 0.060185
2 0.392708 0.513889 0.033333 0.055556
2 0.513021 0.509722 0.030208 0.073148
2 0.558073 0.527778 0.039062 0.062963
2 0.622396 0.523611 0.029167 0.078704
2 0.661458 0.518981 0.036458 0.065741
2 0.700521 0.517593 0.032292 0.061111
