2 0.349740 0.121759 0.026562 0.063889
2 0.378385 0.093981 0.041146 0.076852
2 0.515104 0.122685 0.050000 0.062037
2 0.470312 0.194444 0.029167 0.077778
2 0.512500 0.208796 0.033333 0.065741
2 0.576042 0.210648 0.027083 0.087963
2 0.619010 0.217593 0.035937 0.074074
2 0.650000 0.208796 0.028125 0.065741
2 0.685417 0.219444 0.028125 0.074074
2 0.367188 0.285648 0.031250 0.069444
2 0.430990 0.280556 0.041146 0.062963
2 0.520573 0.285185 0.036979 0.064815
2 0.557552 0.280093 0.044271 0.084259
2 0.642188 0.309259 0.042708 0.059259
2 0.688542 0.312037 0.038542 0.057407
2 0.730729 0.310648 0.036458 0.073148
2 0.805469 0.388889 0.038021 0.107407
2 0.737760 0.379630 0.020313 0.053704
2 0.705990 0.375463 0.019271 0.062037
2 0.405729 0.398611 0.029167 0.073148
2 0.441146 0.399074 0.039583 0.059259
2 0.504948 0.407407 0.054688 0.059259
2 0.544792 0.410185 0.039583 0.064815
2 0.596875 0.417593 0.040625 0.064815
2 0.635677 0.417593 0.036979 0.061111
2 0.395313 0.508333 0.034375 0.062963
2 0.346094 0.507870 0.045312 0.073148
2 0.514583 0.517130 0.033333 0.076852
2 0.557292 0.518056 0.036458 0.063889
2 0.624479 0.520833 0.033333 0.076852
2 0.661458 0.515278 0.034375 0.069444
2 0.699479 0.522222 0.036458 0.051852
