2 0.407812 0.121759 0.033333 0.075000
2 0.675521 0.142593 0.036458 0.074074
2 0.474479 0.213426 0.027083 0.067593
2 0.518229 0.209722 0.030208 0.071296
2 0.573438 0.218519 0.028125 0.075926
2 0.617448 0.217130 0.036979 0.082407
2 0.372396 0.282407 0.029167 0.059259
2 0.422396 0.291204 0.036458 0.049074
2 0.519271 0.290278 0.023958 0.063889
2 0.577604 0.302778 0.038542 0.057407
2 0.620833 0.298148 0.030208 0.062963
2 0.666146 0.312963 0.030208 0.062963
2 0.737240 0.315278 0.041146 0.067593
2 0.795833 0.326852 0.041667 0.051852
2 0.766667 0.214352 0.041667 0.069444
2 0.369792 0.362037 0.030208 0.061111
2 0.502083 0.365741 0.030208 0.068519
2 0.405208 0.404167 0.034375 0.058333
2 0.440625 0.406019 0.034375 0.045370
2 0.542708 0.407407 0.033333 0.048148
2 0.572917 0.413889 0.027083 0.046296
2 0.601823 0.409259 0.031771 0.055556
2 0.636979 0.415741 0.036458 0.050000
2 0.701562 0.388889 0.034375 0.075926
2 0.426823 0.509722 0.039062 0.069444
2 0.510677 0.515741 0.043229 0.057407
2 0.619531 0.525000 0.047396 0.068519
2 0.664062 0.519444 0.031250 0.061111
2 0.703646 0.522222 0.036458 0.051852
2 0.746354 0.532407 0.033333 0.053704
2 0.760677 0.426389 0.036979 0.063889
2 0.804948 0.428241 0.036979 0.071296
2 0.835677 0.520833 0.046354 0.076852
