2 0.409635 0.116204 0.049479 0.078704
2 0.677865 0.141667 0.041146 0.068519
2 0.728646 0.197685 0.064583 0.080556
2 0.650521 0.206944 0.029167 0.087963
2 0.614062 0.207870 0.034375 0.089815
2 0.576562 0.215741 0.028125 0.070370
2 0.520052 0.205093 0.044271 0.080556
2 0.474479 0.206019 0.033333 0.060185
2 0.371354 0.273148 0.039583 0.070370
2 0.417187 0.287963 0.034375 0.055556
2 0.434896 0.272222 0.037500 0.064815
2 0.518229 0.288426 0.040625 0.067593
2 0.575260 0.298148 0.049479 0.066667
2 0.618229 0.293981 0.033333 0.063889
2 0.662240 0.308333 0.048438 0.061111
2 0.730990 0.309259 0.046354 0.059259
2 0.789844 0.324074 0.043229 0.061111
2 0.368229 0.363889 0.029167 0.064815
2 0.453646 0.351852 0.036458 0.048148
2 0.497917 0.365741 0.026042 0.068519
2 0.591146 0.360185 0.039583 0.050000
2 0.634635 0.364815 0.039062 0.044444
2 0.707812 0.374537 0.034375 0.067593
2 0.406771 0.405556 0.029167 0.059259
2 0.441406 0.407407 0.046354 0.059259
2 0.543229 0.407407 0.034375 0.051852
2 0.575000 0.415741 0.029167 0.053704
2 0.602865 0.416667 0.035937 0.059259
2 0.634635 0.420370 0.039062 0.062963
2 0.758073 0.423148 0.030729 0.057407
2 0.803125 0.429167 0.029167 0.065741
2 0.424740 0.508333 0.043229 0.059259
2 0.450521 0.485648 0.032292 0.100926
2 0.511458 0.520370 0.037500 0.055556
2 0.556771 0.522222 0.035417 0.059259
2 0.625521 0.528704 0.037500 0.057407
2 0.664844 0.522685 0.036979 0.076852
2 0.705729 0.525000 0.036458 0.053704
2 0.744531 0.531481 0.051562 0.055556
2 0.778125 0.489815 0.034375 0.048148
2 0.827604 0.531481 0.040625 0.059259
