2 0.405729 0.125463 0.041667 0.078704
2 0.701562 0.193056 0.042708 0.080556
2 0.652083 0.206019 0.028125 0.089815
2 0.615885 0.206944 0.042188 0.095370
2 0.575521 0.220370 0.032292 0.075926
2 0.517188 0.200463 0.030208 0.075000
2 0.475521 0.205093 0.031250 0.065741
2 0.376823 0.275000 0.046354 0.062963
2 0.423437 0.295833 0.040625 0.043519
2 0.445052 0.271759 0.045312 0.073148
2 0.369792 0.360185 0.034375 0.079630
2 0.404687 0.403241 0.043750 0.054630
2 0.442708 0.400926 0.032292 0.059259
2 0.450521 0.358333 0.038542 0.053704
2 0.498958 0.367130 0.030208 0.071296
2 0.544271 0.410185 0.032292 0.061111
2 0.570573 0.406944 0.031771 0.063889
2 0.599479 0.411111 0.031250 0.055556
2 0.634115 0.421296 0.042188 0.050000
2 0.521354 0.289352 0.032292 0.062037
2 0.543229 0.284259 0.026042 0.070370
2 0.577083 0.294907 0.037500 0.069444
2 0.619010 0.289352 0.038021 0.069444
2 0.667188 0.309259 0.034375 0.051852
2 0.733854 0.311111 0.038542 0.062963
2 0.792969 0.321759 0.047396 0.049074
2 0.801562 0.431019 0.028125 0.084259
2 0.755208 0.425926 0.036458 0.062963
2 0.704167 0.382870 0.039583 0.084259
2 0.424740 0.511574 0.047396 0.065741
2 0.453646 0.488426 0.034375 0.102778
2 0.516146 0.522222 0.044792 0.062963
2 0.558594 0.520370 0.048438 0.059259
2 0.615885 0.518056 0.056771 0.063889
2 0.660156 0.512500 0.040104 0.089815
2 0.704688 0.514352 0.036458 0.071296
2 0.745573 0.519444 0.045312 0.064815
2 0.834635 0.524074 0.040104 0.055556
6 0.785417 0.708796 0.062500 0.099074
