6 0.803906 0.747222 0.057812 0.114815
2 0.403646 0.118981 0.055208 0.069444
2 0.678906 0.135648 0.041146 0.076852
2 0.476302 0.208796 0.043229 0.065741
2 0.514062 0.209722 0.028125 0.060185
2 0.572917 0.213426 0.031250 0.078704
2 0.618490 0.208796 0.036979 0.073148
2 0.648177 0.206944 0.040104 0.069444
2 0.694010 0.210648 0.034896 0.069444
2 0.368490 0.276852 0.034896 0.059259
2 0.419271 0.298148 0.034375 0.066667
2 0.438542 0.271296 0.030208 0.059259
2 0.521094 0.288889 0.024479 0.053704
2 0.545833 0.284259 0.027083 0.070370
2 0.579167 0.293519 0.037500 0.057407
2 0.620313 0.289352 0.033333 0.062037
2 0.662240 0.307407 0.035937 0.051852
2 0.734896 0.317130 0.038542 0.063889
2 0.798177 0.321759 0.046354 0.045370
2 0.370052 0.362500 0.040104 0.084259
2 0.407292 0.401389 0.038542 0.060185
2 0.445052 0.404167 0.039062 0.058333
2 0.455208 0.352315 0.041667 0.041667
2 0.497396 0.365741 0.031250 0.057407
2 0.544792 0.403241 0.031250 0.043519
2 0.568750 0.409259 0.030208 0.044444
2 0.598958 0.413889 0.034375 0.061111
2 0.640104 0.419444 0.028125 0.038889
2 0.710156 0.387037 0.059896 0.096296
2 0.755208 0.422222 0.036458 0.059259
2 0.809635 0.422685 0.042188 0.093519
2 0.422396 0.512500 0.034375 0.063889
2 0.457031 0.486574 0.045312 0.095370
2 0.516146 0.519907 0.042708 0.067593
2 0.555990 0.516204 0.036979 0.071296
2 0.625521 0.525000 0.035417 0.064815
2 0.665365 0.517130 0.038021 0.065741
2 0.703125 0.523148 0.043750 0.053704
2 0.748437 0.526852 0.039583 0.053704
6 0.892188 0.709722 0.058333 0.067593
