2 0.407292 0.123611 0.038542 0.082407
2 0.477865 0.213426 0.035937 0.067593
2 0.509115 0.204630 0.046354 0.061111
2 0.575521 0.220833 0.023958 0.082407
2 0.676823 0.147685 0.039062 0.076852
2 0.617969 0.215278 0.042188 0.082407
2 0.650521 0.202315 0.033333 0.078704
2 0.691927 0.219444 0.043229 0.066667
2 0.369792 0.279630 0.032292 0.072222
2 0.421875 0.296296 0.033333 0.051852
2 0.439844 0.277778 0.043229 0.050000
2 0.522396 0.293056 0.030208 0.069444
2 0.546875 0.289352 0.029167 0.080556
2 0.575521 0.302778 0.034375 0.075926
2 0.621354 0.294907 0.035417 0.062037
2 0.663802 0.314815 0.036979 0.062963
2 0.736719 0.314352 0.042188 0.080556
2 0.791927 0.326852 0.049479 0.062963
2 0.376042 0.353704 0.034375 0.055556
2 0.413021 0.408333 0.031250 0.064815
2 0.454167 0.402315 0.033333 0.062037
2 0.499479 0.366204 0.025000 0.073148
2 0.543750 0.407407 0.031250 0.048148
2 0.598437 0.411111 0.031250 0.055556
2 0.636979 0.426852 0.036458 0.050000
2 0.758854 0.425463 0.030208 0.065741
2 0.804427 0.432870 0.024479 0.095370
2 0.427865 0.515741 0.045312 0.057407
2 0.519531 0.515278 0.039062 0.073148
2 0.561979 0.518056 0.041667 0.063889
2 0.625521 0.527778 0.037500 0.074074
2 0.662240 0.525000 0.038021 0.072222
2 0.704167 0.524074 0.039583 0.062963
2 0.743490 0.525926 0.041146 0.055556
2 0.816406 0.505093 0.054688 0.086111
6 0.800781 0.760648 0.045312 0.102778
6 0.897656 0.713426 0.069271 0.071296
