2 0.400260 0.122685 0.058854 0.076852
2 0.676823 0.134722 0.036979 0.075000
2 0.696354 0.212500 0.030208 0.065741
2 0.655208 0.206019 0.040625 0.086111
2 0.614062 0.209722 0.032292 0.086111
2 0.577604 0.222222 0.026042 0.083333
2 0.511198 0.196296 0.038021 0.070370
2 0.474740 0.197685 0.035937 0.076852
2 0.370833 0.277778 0.030208 0.072222
2 0.420312 0.302315 0.032292 0.034259
2 0.436979 0.275000 0.045833 0.062963
2 0.521615 0.292130 0.025521 0.063889
2 0.547917 0.293056 0.025000 0.062037
2 0.581771 0.293981 0.034375 0.071296
2 0.621875 0.293056 0.036458 0.069444
2 0.668750 0.310185 0.039583 0.061111
2 0.728385 0.312500 0.049479 0.069444
2 0.796875 0.328704 0.037500 0.066667
2 0.370833 0.359259 0.023958 0.059259
2 0.446094 0.350463 0.036979 0.049074
2 0.502604 0.360185 0.037500 0.064815
2 0.540625 0.358333 0.033333 0.038889
2 0.635938 0.362963 0.030208 0.040741
2 0.709375 0.369907 0.033333 0.069444
2 0.405208 0.401389 0.034375 0.060185
2 0.445052 0.401389 0.041146 0.050926
2 0.542188 0.408333 0.034375 0.061111
2 0.572917 0.408333 0.027083 0.046296
2 0.802344 0.431944 0.026562 0.082407
2 0.761979 0.421759 0.038542 0.084259
2 0.453125 0.474537 0.046875 0.086111
2 0.517708 0.504630 0.035417 0.074074
2 0.560937 0.518519 0.033333 0.051852
2 0.589583 0.497222 0.028125 0.077778
2 0.628646 0.516667 0.025000 0.059259
2 0.666667 0.516204 0.031250 0.078704
2 0.705729 0.518519 0.030208 0.051852
2 0.746875 0.524074 0.034375 0.062963
2 0.783854 0.525926 0.027083 0.059259
2 0.813021 0.516667 0.025000 0.059259
2 0.839062 0.513426 0.031250 0.069444
2 0.367969 0.603241 0.044271 0.073148
6 0.863021 0.776389 0.058333 0.086111
6 0.891146 0.709722 0.054167 0.060185
