2 0.402865 0.122685 0.047396 0.073148
2 0.673958 0.131944 0.033333 0.069444
2 0.704688 0.202315 0.042708 0.075000
2 0.654687 0.198611 0.037500 0.086111
2 0.615365 0.212500 0.036979 0.076852
2 0.578125 0.215278 0.033333 0.082407
2 0.518750 0.203241 0.031250 0.073148
2 0.471875 0.203704 0.026042 0.062963
2 0.370833 0.275926 0.028125 0.075926
2 0.420312 0.291204 0.032292 0.037963
2 0.519792 0.287037 0.027083 0.064815
2 0.619010 0.284722 0.035937 0.075000
2 0.668229 0.309259 0.038542 0.074074
2 0.734375 0.311111 0.037500 0.070370
2 0.798698 0.325926 0.045312 0.064815
2 0.404167 0.406019 0.032292 0.069444
2 0.500521 0.360185 0.031250 0.075926
2 0.540365 0.354630 0.033854 0.053704
2 0.585677 0.362037 0.042188 0.053704
2 0.635417 0.362963 0.035417 0.051852
2 0.707292 0.367593 0.031250 0.103704
2 0.803125 0.428241 0.029167 0.060185
2 0.756510 0.415741 0.039062 0.057407
2 0.543750 0.411111 0.031250 0.059259
2 0.603385 0.418519 0.036979 0.070370
2 0.639062 0.420370 0.038542 0.070370
2 0.454687 0.480093 0.040625 0.093519
2 0.559115 0.508333 0.043229 0.062963
2 0.622135 0.517593 0.042188 0.057407
2 0.665625 0.526852 0.033333 0.075926
2 0.704167 0.521296 0.035417 0.068519
2 0.744531 0.526852 0.049479 0.050000
2 0.781771 0.519444 0.031250 0.064815
2 0.820052 0.514352 0.034896 0.067593
2 0.445052 0.396296 0.057812 0.061111
2 0.366927 0.365278 0.038021 0.075000
6 0.871875 0.815278 0.056250 0.082407
