2 0.407292 0.113426 0.054167 0.087963
2 0.506250 0.156019 0.028125 0.093519
2 0.472396 0.206019 0.025000 0.071296
2 0.675521 0.143981 0.028125 0.080556
2 0.696354 0.206019 0.032292 0.063889
2 0.653906 0.206944 0.049479 0.084259
2 0.613542 0.210648 0.037500 0.087963
2 0.575000 0.219907 0.035417 0.080556
2 0.365885 0.253704 0.026562 0.062963
2 0.416667 0.294444 0.033333 0.051852
2 0.435417 0.270370 0.028125 0.057407
2 0.517188 0.284722 0.030208 0.075000
2 0.545312 0.281481 0.028125 0.092593
2 0.577083 0.297685 0.037500 0.071296
2 0.616927 0.293056 0.048438 0.069444
2 0.667969 0.301852 0.039062 0.066667
2 0.735417 0.308333 0.035417 0.061111
2 0.793229 0.319907 0.034375 0.058333
2 0.369792 0.354167 0.032292 0.080556
2 0.443490 0.349074 0.038021 0.057407
2 0.495052 0.356481 0.040104 0.064815
2 0.541927 0.356481 0.043229 0.046296
2 0.591667 0.366667 0.042708 0.062963
2 0.634375 0.369444 0.029167 0.057407
2 0.707292 0.367593 0.031250 0.096296
2 0.805469 0.431944 0.026562 0.089815
2 0.757031 0.419444 0.033854 0.075926
2 0.445573 0.406481 0.030729 0.057407
2 0.400521 0.398611 0.035417 0.080556
2 0.541406 0.408333 0.052604 0.057407
2 0.601302 0.423148 0.023438 0.050000
2 0.637500 0.423148 0.027083 0.042593
2 0.431510 0.517593 0.040104 0.061111
2 0.458333 0.493056 0.035417 0.089815
2 0.514583 0.515278 0.037500 0.065741
2 0.555990 0.516204 0.034896 0.071296
2 0.587760 0.485648 0.038021 0.093519
2 0.626042 0.523148 0.032292 0.050000
2 0.663802 0.522222 0.036979 0.066667
2 0.703125 0.523611 0.037500 0.075000
2 0.746875 0.520833 0.034375 0.073148
2 0.788021 0.526852 0.029167 0.075926
2 0.820052 0.523148 0.025521 0.064815
