2 0.410156 0.115278 0.040104 0.076852
2 0.475260 0.202315 0.049479 0.071296
2 0.505208 0.177315 0.034375 0.075000
2 0.676042 0.139352 0.033333 0.082407
2 0.697396 0.214815 0.034375 0.057407
2 0.577083 0.210648 0.031250 0.087963
2 0.615365 0.218519 0.041146 0.072222
2 0.649740 0.198148 0.049479 0.098148
2 0.369531 0.248148 0.036979 0.077778
2 0.416667 0.294907 0.035417 0.037963
2 0.436458 0.257407 0.034375 0.051852
2 0.521354 0.286111 0.034375 0.048148
2 0.547917 0.276852 0.031250 0.074074
2 0.580469 0.287500 0.042188 0.076852
2 0.620833 0.291204 0.034375 0.069444
2 0.668229 0.318981 0.030208 0.078704
2 0.723698 0.308333 0.050521 0.072222
2 0.794792 0.322685 0.039583 0.067593
2 0.797396 0.430093 0.028125 0.075000
2 0.755729 0.420833 0.035417 0.082407
2 0.704688 0.383796 0.026042 0.089815
2 0.610417 0.334259 0.076042 0.005556
2 0.587760 0.351852 0.048438 0.051852
2 0.543229 0.358333 0.032292 0.057407
2 0.501042 0.366667 0.034375 0.070370
2 0.451562 0.362037 0.034375 0.057407
2 0.372396 0.359259 0.027083 0.066667
2 0.408333 0.401389 0.026042 0.060185
2 0.540365 0.410185 0.024479 0.050000
2 0.576562 0.412037 0.034375 0.061111
2 0.605208 0.408333 0.029167 0.053704
2 0.636198 0.419444 0.042188 0.057407
2 0.354427 0.481019 0.055729 0.080556
2 0.418750 0.509259 0.063542 0.053704
2 0.452083 0.483796 0.035417 0.093519
2 0.517188 0.512500 0.042708 0.071296
2 0.558333 0.522685 0.036458 0.080556
2 0.590625 0.515278 0.028125 0.069444
2 0.620833 0.523148 0.038542 0.072222
2 0.666927 0.510648 0.041146 0.093519
2 0.704427 0.518056 0.046354 0.086111
2 0.750521 0.517130 0.035417 0.062037
2 0.789323 0.523148 0.038021 0.068519
2 0.820312 0.522222 0.031250 0.070370
