2 0.405208 0.118981 0.036458 0.084259
2 0.680990 0.132870 0.039062 0.086111
2 0.506250 0.186574 0.030208 0.067593
2 0.472656 0.202315 0.044271 0.097222
2 0.578125 0.224074 0.039583 0.096296
2 0.616406 0.216204 0.041146 0.080556
2 0.648698 0.202315 0.039062 0.067593
2 0.700781 0.215741 0.048438 0.066667
2 0.366667 0.251389 0.031250 0.084259
2 0.416667 0.295370 0.033333 0.050000
2 0.519792 0.277778 0.029167 0.068519
2 0.542188 0.282407 0.034375 0.074074
2 0.576042 0.303704 0.053125 0.055556
2 0.617708 0.290278 0.030208 0.071296
2 0.667188 0.312037 0.034375 0.053704
2 0.730990 0.316204 0.048438 0.065741
2 0.793229 0.328241 0.036458 0.075000
2 0.802083 0.429167 0.035417 0.073148
2 0.757552 0.422685 0.041146 0.086111
2 0.699479 0.375463 0.034375 0.062037
2 0.637500 0.362037 0.025000 0.050000
2 0.638542 0.415741 0.033333 0.057407
2 0.601302 0.395833 0.027604 0.078704
2 0.501042 0.364815 0.030208 0.062963
2 0.448958 0.358333 0.029167 0.053704
2 0.545833 0.413889 0.037500 0.064815
2 0.369271 0.360185 0.033333 0.079630
2 0.403125 0.406944 0.032292 0.063889
2 0.450521 0.412037 0.038542 0.057407
2 0.430469 0.509722 0.056771 0.084259
2 0.519531 0.510648 0.049479 0.067593
2 0.559896 0.518981 0.027083 0.065741
2 0.586198 0.517130 0.021354 0.049074
2 0.620573 0.520833 0.039062 0.073148
2 0.662240 0.518056 0.052604 0.089815
2 0.711198 0.526852 0.034896 0.064815
2 0.753125 0.525000 0.036458 0.050000
2 0.788021 0.527778 0.029167 0.062963
2 0.819531 0.531481 0.033854 0.070370
