2 0.406250 0.118056 0.050000 0.089815
2 0.367708 0.250926 0.032292 0.111111
2 0.470833 0.209722 0.030208 0.097222
2 0.501563 0.181944 0.061458 0.073148
2 0.670052 0.142130 0.043229 0.087963
2 0.691146 0.215278 0.031250 0.071296
2 0.646094 0.199537 0.050521 0.084259
2 0.623698 0.212500 0.047396 0.095370
2 0.579688 0.220833 0.032292 0.082407
2 0.365104 0.357407 0.032292 0.070370
2 0.411719 0.294444 0.036979 0.055556
2 0.443490 0.346759 0.035937 0.052778
2 0.401302 0.401389 0.040104 0.075000
2 0.443490 0.403241 0.052604 0.063889
2 0.499479 0.368519 0.035417 0.044444
2 0.520833 0.289352 0.035417 0.069444
2 0.551823 0.291204 0.019271 0.069444
2 0.580208 0.299537 0.033333 0.075000
2 0.616927 0.295833 0.033854 0.067593
2 0.659635 0.304630 0.047396 0.088889
2 0.736458 0.318981 0.020833 0.060185
2 0.709635 0.349537 0.028646 0.150926
2 0.792708 0.328704 0.037500 0.059259
2 0.423177 0.507870 0.044271 0.073148
2 0.353906 0.477778 0.040104 0.101852
2 0.512240 0.516204 0.046354 0.067593
2 0.557813 0.524074 0.033333 0.062963
2 0.588542 0.514352 0.026042 0.067593
2 0.622917 0.516204 0.034375 0.071296
2 0.666667 0.515278 0.035417 0.076852
2 0.703646 0.526852 0.034375 0.061111
2 0.742969 0.527778 0.038021 0.051852
2 0.779167 0.532407 0.034375 0.064815
2 0.815625 0.531481 0.034375 0.051852
2 0.804948 0.426852 0.034896 0.053704
2 0.761719 0.418519 0.041146 0.066667
2 0.540365 0.411111 0.040104 0.066667
2 0.575521 0.412037 0.038542 0.050000
2 0.601823 0.392130 0.035937 0.086111
2 0.635417 0.416667 0.033333 0.066667
