2 0.408594 0.118981 0.047396 0.076852
2 0.677344 0.142130 0.042188 0.076852
2 0.476823 0.202778 0.042188 0.057407
2 0.543750 0.181944 0.029167 0.058333
2 0.576042 0.224074 0.031250 0.061111
2 0.617708 0.214352 0.030208 0.076852
2 0.648177 0.201852 0.042188 0.066667
2 0.698958 0.214815 0.035417 0.068519
2 0.376563 0.250000 0.033333 0.062963
2 0.419271 0.302778 0.030208 0.057407
2 0.515625 0.284259 0.029167 0.055556
2 0.543750 0.292130 0.029167 0.063889
2 0.578125 0.288426 0.031250 0.067593
2 0.619792 0.293056 0.034375 0.069444
2 0.666667 0.312963 0.029167 0.051852
2 0.735417 0.314815 0.029167 0.062963
2 0.793229 0.324074 0.030208 0.057407
2 0.365104 0.356019 0.032292 0.076852
2 0.451562 0.349537 0.032292 0.050926
2 0.498958 0.370833 0.030208 0.067593
2 0.542448 0.354167 0.024479 0.041667
2 0.602865 0.375463 0.035937 0.062037
2 0.639062 0.367593 0.034375 0.050000
2 0.705729 0.362963 0.026042 0.098148
2 0.639583 0.412963 0.031250 0.051852
2 0.574479 0.409259 0.026042 0.059259
2 0.545833 0.410648 0.027083 0.089815
2 0.444271 0.403241 0.031250 0.063889
2 0.407812 0.406944 0.039583 0.078704
2 0.801042 0.425000 0.027083 0.050000
2 0.763542 0.419444 0.037500 0.072222
2 0.428385 0.511574 0.035937 0.062037
2 0.513281 0.516204 0.044271 0.067593
2 0.561458 0.518981 0.032292 0.069444
2 0.595833 0.518981 0.032292 0.069444
2 0.627083 0.511574 0.028125 0.073148
2 0.663802 0.520833 0.041146 0.076852
2 0.704167 0.525000 0.041667 0.068519
2 0.751563 0.523148 0.035417 0.050000
2 0.785937 0.532407 0.035417 0.061111
2 0.819531 0.530556 0.028646 0.042593
