2 0.409896 0.107407 0.037500 0.100000
2 0.678906 0.145833 0.041146 0.073148
2 0.475260 0.206944 0.041146 0.065741
2 0.703125 0.215278 0.033333 0.078704
2 0.649740 0.202315 0.043229 0.071296
2 0.622656 0.212500 0.051562 0.099074
2 0.577344 0.213426 0.045312 0.071296
2 0.371354 0.265278 0.033333 0.067593
2 0.419792 0.303704 0.027083 0.048148
2 0.520573 0.280093 0.039062 0.080556
2 0.554427 0.287500 0.035937 0.073148
2 0.585156 0.293981 0.023438 0.071296
2 0.621875 0.293981 0.028125 0.071296
2 0.667969 0.312963 0.043229 0.059259
2 0.738802 0.316667 0.038021 0.059259
2 0.798958 0.323148 0.041667 0.055556
2 0.369271 0.356019 0.029167 0.076852
2 0.443229 0.353704 0.027083 0.051852
2 0.501042 0.362037 0.026042 0.061111
2 0.542708 0.356481 0.033333 0.042593
2 0.601562 0.378241 0.031250 0.075000
2 0.640104 0.417593 0.028125 0.061111
2 0.705729 0.366667 0.026042 0.124074
2 0.403646 0.394444 0.031250 0.064815
2 0.443490 0.404630 0.038021 0.053704
2 0.542448 0.410185 0.038021 0.061111
2 0.569271 0.412037 0.031250 0.072222
2 0.754948 0.418981 0.040104 0.078704
2 0.802865 0.429167 0.036979 0.062037
2 0.426302 0.513426 0.038021 0.062037
2 0.466667 0.493981 0.032292 0.091667
2 0.512500 0.510648 0.037500 0.075000
2 0.554948 0.520833 0.039062 0.069444
2 0.589583 0.513426 0.030208 0.065741
2 0.625000 0.516204 0.028125 0.071296
2 0.656250 0.516204 0.038542 0.086111
2 0.703906 0.522222 0.045312 0.062963
2 0.748437 0.523148 0.039583 0.061111
2 0.784375 0.523148 0.032292 0.061111
2 0.812500 0.526852 0.028125 0.064815
2 0.839062 0.522222 0.029167 0.059259
