2 0.409375 0.118056 0.036458 0.082407
2 0.678385 0.140741 0.042188 0.074074
2 0.473958 0.210648 0.028125 0.065741
2 0.572917 0.212500 0.029167 0.076852
2 0.372917 0.257870 0.034375 0.082407
2 0.433854 0.253704 0.027083 0.055556
2 0.415885 0.294444 0.036979 0.051852
2 0.517969 0.286574 0.020313 0.078704
2 0.698958 0.215741 0.037500 0.059259
2 0.647135 0.208796 0.052604 0.080556
2 0.615104 0.212500 0.034375 0.080556
2 0.553125 0.284259 0.033333 0.070370
2 0.584115 0.297222 0.021354 0.061111
2 0.625521 0.290278 0.027083 0.063889
2 0.665625 0.311111 0.033333 0.059259
2 0.733333 0.311111 0.033333 0.055556
2 0.795312 0.332407 0.034375 0.066667
2 0.412240 0.358333 0.038021 0.068519
2 0.446875 0.353704 0.033333 0.059259
2 0.497396 0.362037 0.027083 0.068519
2 0.542188 0.362037 0.026042 0.057407
2 0.602344 0.382407 0.029687 0.062963
2 0.636979 0.362963 0.038542 0.062963
2 0.704688 0.353241 0.036458 0.125000
2 0.764323 0.414352 0.046354 0.086111
2 0.803646 0.422685 0.030208 0.075000
2 0.637240 0.412037 0.040104 0.046296
2 0.543229 0.410185 0.028125 0.053704
2 0.441146 0.404167 0.033333 0.058333
2 0.432812 0.509722 0.037500 0.099074
2 0.475260 0.499074 0.034896 0.094444
2 0.511979 0.506944 0.034375 0.075000
2 0.561979 0.518056 0.031250 0.067593
2 0.589063 0.518056 0.033333 0.067593
2 0.661719 0.520833 0.036979 0.069444
2 0.707812 0.519907 0.034375 0.078704
2 0.749479 0.523148 0.039583 0.064815
2 0.780729 0.525926 0.031250 0.059259
2 0.811458 0.529630 0.026042 0.070370
2 0.837500 0.525926 0.034375 0.070370
2 0.367708 0.360185 0.032292 0.079630
