2 0.408333 0.121759 0.034375 0.063889
2 0.679167 0.141204 0.031250 0.078704
2 0.479948 0.197222 0.038021 0.072222
2 0.583073 0.215741 0.039062 0.070370
2 0.618229 0.200463 0.033333 0.078704
2 0.654167 0.199074 0.034375 0.057407
2 0.698698 0.219444 0.046354 0.070370
2 0.370833 0.257870 0.036458 0.071296
2 0.419010 0.287963 0.045312 0.051852
2 0.519271 0.281481 0.026042 0.061111
2 0.545312 0.283796 0.026042 0.084259
2 0.580208 0.293519 0.031250 0.057407
2 0.627604 0.291204 0.041667 0.058333
2 0.666146 0.306481 0.032292 0.053704
2 0.365885 0.357870 0.038021 0.076852
2 0.405208 0.374537 0.038542 0.093519
2 0.446094 0.405093 0.043229 0.060185
2 0.499479 0.361111 0.033333 0.066667
2 0.546875 0.405556 0.035417 0.059259
2 0.597656 0.391204 0.040104 0.084259
2 0.639583 0.423148 0.037500 0.050000
2 0.636198 0.367593 0.044271 0.050000
2 0.733333 0.312037 0.029167 0.068519
2 0.795312 0.328704 0.042708 0.055556
2 0.710677 0.375926 0.038021 0.111111
2 0.757031 0.421759 0.048438 0.091667
2 0.800521 0.430093 0.026042 0.067593
2 0.426823 0.509722 0.041146 0.084259
2 0.469792 0.506944 0.038542 0.086111
2 0.522396 0.504630 0.032292 0.070370
2 0.561979 0.518519 0.025000 0.055556
2 0.593750 0.520370 0.026042 0.062963
2 0.661198 0.517130 0.042188 0.076852
2 0.704167 0.524074 0.039583 0.059259
2 0.746875 0.522222 0.038542 0.059259
2 0.783854 0.527778 0.031250 0.062963
2 0.817708 0.525926 0.028125 0.062963
2 0.841146 0.526852 0.033333 0.072222
5 0.558333 0.780556 0.096875 0.109259
