5 0.552865 0.780556 0.088021 0.109259
2 0.408073 0.112037 0.048438 0.094444
2 0.676302 0.143981 0.038021 0.084259
2 0.619792 0.204630 0.032292 0.107407
2 0.702083 0.201389 0.041667 0.084259
2 0.573438 0.214815 0.030208 0.064815
2 0.470833 0.203704 0.030208 0.062963
2 0.376042 0.257407 0.050000 0.062963
2 0.417969 0.292130 0.047396 0.050926
2 0.521615 0.283333 0.025521 0.053704
2 0.580208 0.301852 0.027083 0.059259
2 0.628125 0.300926 0.028125 0.050000
2 0.666146 0.309259 0.028125 0.055556
2 0.731771 0.282870 0.032292 0.082407
2 0.796875 0.327778 0.041667 0.068519
2 0.375521 0.351852 0.045833 0.055556
2 0.412760 0.374537 0.023438 0.082407
2 0.447135 0.352315 0.021354 0.045370
2 0.445052 0.404630 0.032813 0.057407
2 0.503906 0.363426 0.044271 0.078704
2 0.609896 0.391204 0.040625 0.080556
2 0.571094 0.408333 0.032813 0.064815
2 0.550000 0.399537 0.035417 0.086111
2 0.705729 0.379167 0.034375 0.087963
2 0.641667 0.425926 0.027083 0.062963
2 0.758073 0.408333 0.035937 0.053704
2 0.800000 0.425926 0.027083 0.062963
2 0.434115 0.512037 0.041146 0.112963
2 0.473698 0.513426 0.038021 0.065741
2 0.508594 0.497222 0.032813 0.074074
2 0.557031 0.519444 0.043229 0.061111
2 0.595313 0.516204 0.025000 0.060185
2 0.660677 0.515278 0.053646 0.084259
2 0.713281 0.525000 0.036979 0.064815
2 0.751042 0.528704 0.030208 0.057407
2 0.815625 0.531481 0.021875 0.048148
2 0.778385 0.523611 0.044271 0.078704
2 0.843229 0.529630 0.033333 0.062963
