5 0.552865 0.789352 0.090104 0.102778
2 0.415885 0.116204 0.047396 0.082407
2 0.673438 0.138889 0.042708 0.074074
2 0.468229 0.206944 0.035417 0.073148
2 0.573438 0.220370 0.032292 0.075926
2 0.619531 0.200463 0.036979 0.093519
2 0.655208 0.206944 0.042708 0.076852
2 0.696615 0.216667 0.048438 0.072222
2 0.419271 0.295370 0.036458 0.057407
2 0.517708 0.291204 0.031250 0.069444
2 0.549479 0.278704 0.026042 0.087037
2 0.574479 0.295370 0.028125 0.057407
2 0.623437 0.294907 0.035417 0.065741
2 0.667188 0.315741 0.036458 0.053704
2 0.734896 0.289352 0.038542 0.073148
2 0.795833 0.325000 0.035417 0.048148
2 0.708854 0.371759 0.032292 0.119444
2 0.802604 0.427315 0.032292 0.069444
2 0.757552 0.412963 0.039062 0.070370
2 0.638021 0.416667 0.032292 0.048148
2 0.606250 0.377315 0.037500 0.069444
2 0.576042 0.412963 0.031250 0.062963
2 0.540104 0.414815 0.032292 0.070370
2 0.444010 0.403704 0.043229 0.055556
2 0.502083 0.367593 0.026042 0.068519
2 0.450781 0.343981 0.048438 0.043519
2 0.358073 0.397685 0.044271 0.067593
2 0.847135 0.536574 0.021354 0.073148
2 0.817448 0.522222 0.024479 0.066667
2 0.785937 0.524074 0.029167 0.051852
2 0.746875 0.525926 0.036458 0.055556
2 0.703125 0.517130 0.041667 0.069444
2 0.661198 0.516204 0.046354 0.067593
2 0.595313 0.511574 0.033333 0.069444
2 0.558854 0.513426 0.031250 0.065741
2 0.513542 0.495370 0.035417 0.094444
2 0.474219 0.505556 0.039062 0.072222
2 0.429427 0.502315 0.030729 0.087963
