2 0.412240 0.116204 0.050521 0.075000
2 0.678385 0.144444 0.044271 0.070370
2 0.378646 0.261574 0.035417 0.075000
2 0.420052 0.292130 0.045312 0.050926
2 0.471354 0.203704 0.033333 0.062963
2 0.572917 0.217130 0.029167 0.078704
2 0.618750 0.206944 0.030208 0.084259
2 0.652083 0.210648 0.036458 0.062037
2 0.694531 0.213426 0.033854 0.071296
2 0.523438 0.281944 0.031250 0.076852
2 0.574219 0.298148 0.043229 0.059259
2 0.620313 0.287963 0.035417 0.059259
2 0.658594 0.315741 0.043229 0.057407
2 0.733594 0.293056 0.045312 0.073148
2 0.795312 0.320370 0.042708 0.057407
2 0.372396 0.350926 0.037500 0.057407
2 0.406771 0.369907 0.029167 0.084259
2 0.443490 0.401852 0.040104 0.057407
2 0.495312 0.369907 0.037500 0.076852
2 0.539844 0.362037 0.029687 0.053704
2 0.609896 0.384259 0.040625 0.062963
2 0.538802 0.412037 0.045312 0.050000
2 0.705729 0.381944 0.034375 0.097222
2 0.757552 0.414815 0.045312 0.077778
2 0.803906 0.426852 0.034896 0.061111
2 0.430990 0.519907 0.049479 0.093519
2 0.471354 0.513426 0.039583 0.095370
2 0.558854 0.512500 0.037500 0.078704
2 0.591146 0.510648 0.039583 0.067593
2 0.659896 0.506944 0.031250 0.093519
2 0.709115 0.524537 0.043229 0.080556
2 0.746354 0.523611 0.035417 0.075000
2 0.784375 0.527778 0.036458 0.066667
2 0.819531 0.529630 0.024479 0.051852
2 0.841667 0.529630 0.032292 0.066667
5 0.559896 0.783796 0.095833 0.126852
