2 0.409635 0.121759 0.045312 0.082407
2 0.673438 0.152315 0.038542 0.089815
5 0.555469 0.768981 0.091146 0.089815
2 0.471354 0.200926 0.037500 0.068519
2 0.577604 0.212500 0.040625 0.080556
2 0.620573 0.206019 0.041146 0.082407
2 0.655208 0.215741 0.032292 0.055556
2 0.700260 0.217593 0.049479 0.074074
2 0.370833 0.260648 0.036458 0.080556
2 0.414844 0.288889 0.034896 0.057407
2 0.517188 0.281481 0.021875 0.064815
2 0.542188 0.278704 0.032292 0.070370
2 0.578125 0.286574 0.033333 0.075000
2 0.619792 0.285648 0.036458 0.069444
2 0.664844 0.308333 0.036979 0.061111
2 0.736719 0.320833 0.042188 0.078704
2 0.791406 0.318981 0.044271 0.050926
2 0.407812 0.369444 0.037500 0.111111
2 0.444792 0.398148 0.032292 0.061111
2 0.503906 0.362963 0.050521 0.077778
2 0.542969 0.353704 0.041146 0.051852
2 0.600781 0.385648 0.033854 0.082407
2 0.634635 0.412037 0.036979 0.053704
2 0.545312 0.403241 0.038542 0.067593
2 0.704948 0.383333 0.045312 0.107407
2 0.758594 0.420370 0.041146 0.094444
2 0.800000 0.425463 0.035417 0.076852
2 0.424740 0.513426 0.049479 0.076852
2 0.474219 0.518056 0.039062 0.089815
2 0.520833 0.494444 0.033333 0.111111
2 0.559896 0.519907 0.031250 0.067593
2 0.587760 0.513426 0.046354 0.069444
2 0.657813 0.509722 0.057292 0.084259
2 0.708073 0.523148 0.045312 0.068519
2 0.751042 0.526852 0.034375 0.057407
2 0.787500 0.530556 0.028125 0.061111
2 0.816406 0.525926 0.040104 0.059259
2 0.843229 0.518056 0.025000 0.063889
