2 0.407292 0.116204 0.038542 0.086111
2 0.677344 0.141667 0.042188 0.075926
2 0.470312 0.194444 0.035417 0.077778
2 0.579167 0.215278 0.041667 0.089815
2 0.617448 0.205093 0.029687 0.099074
2 0.649219 0.208796 0.040104 0.069444
2 0.695573 0.212963 0.038021 0.064815
2 0.372917 0.276852 0.036458 0.062963
2 0.435417 0.247222 0.036458 0.053704
2 0.417448 0.292593 0.046354 0.055556
2 0.519271 0.290278 0.026042 0.078704
2 0.549479 0.285648 0.030208 0.076852
2 0.584375 0.286574 0.033333 0.075000
2 0.620833 0.288426 0.036458 0.067593
2 0.662760 0.303704 0.039062 0.066667
2 0.731510 0.315741 0.047396 0.050000
2 0.792448 0.324074 0.042188 0.064815
2 0.401823 0.372685 0.039062 0.125000
2 0.446875 0.348611 0.033333 0.049074
2 0.496354 0.360185 0.033333 0.064815
2 0.544792 0.356481 0.029167 0.046296
2 0.446615 0.404167 0.033854 0.045370
2 0.538802 0.405093 0.039062 0.063889
2 0.574479 0.406019 0.038542 0.069444
2 0.604427 0.392593 0.036979 0.096296
2 0.634635 0.413889 0.039062 0.053704
2 0.705729 0.376389 0.032292 0.143519
2 0.801562 0.423611 0.028125 0.073148
2 0.757552 0.418056 0.047396 0.084259
2 0.428906 0.510648 0.041146 0.086111
2 0.471615 0.514352 0.046354 0.082407
2 0.511979 0.499074 0.038542 0.087037
2 0.559375 0.521759 0.038542 0.078704
2 0.600260 0.513426 0.051562 0.073148
2 0.660417 0.512500 0.038542 0.086111
2 0.704688 0.520833 0.040625 0.084259
2 0.746615 0.523148 0.051562 0.064815
2 0.783333 0.516204 0.042708 0.075000
2 0.815625 0.528704 0.021875 0.042593
2 0.844271 0.528704 0.035417 0.072222
5 0.554948 0.786111 0.083854 0.116667
