5 0.552865 0.783333 0.079687 0.103704
2 0.408854 0.128241 0.037500 0.084259
2 0.474219 0.189352 0.043229 0.091667
2 0.677865 0.150463 0.034896 0.071296
2 0.572135 0.213426 0.034896 0.089815
2 0.615365 0.208796 0.047396 0.084259
2 0.652604 0.206944 0.035417 0.076852
2 0.697135 0.215278 0.034896 0.082407
2 0.373958 0.289352 0.036458 0.076852
2 0.413802 0.296296 0.034896 0.055556
2 0.521354 0.290278 0.032292 0.078704
2 0.547917 0.279630 0.027083 0.088889
2 0.584115 0.293056 0.034896 0.065741
2 0.625521 0.292130 0.031250 0.063889
2 0.664323 0.305556 0.044271 0.062963
2 0.737760 0.314352 0.052604 0.076852
2 0.796354 0.320833 0.038542 0.067593
2 0.407812 0.369907 0.039583 0.099074
2 0.445573 0.401852 0.033854 0.053704
2 0.496354 0.365741 0.037500 0.072222
2 0.542708 0.412037 0.031250 0.061111
2 0.571615 0.400463 0.038021 0.076852
2 0.602865 0.393056 0.042188 0.080556
2 0.640104 0.421296 0.030208 0.064815
2 0.709635 0.390741 0.028646 0.107407
2 0.760938 0.414815 0.036458 0.087037
2 0.801042 0.418981 0.037500 0.078704
2 0.431510 0.507407 0.042188 0.068519
2 0.473698 0.513426 0.050521 0.062037
2 0.516667 0.493981 0.035417 0.087963
2 0.559896 0.518981 0.039583 0.065741
2 0.593750 0.521759 0.034375 0.071296
2 0.658333 0.516204 0.038542 0.086111
2 0.704167 0.523148 0.048958 0.068519
2 0.746354 0.522222 0.037500 0.062963
2 0.780729 0.521759 0.035417 0.071296
2 0.811458 0.522685 0.032292 0.076852
2 0.840625 0.525000 0.032292 0.064815
6 0.807552 0.722222 0.052604 0.103704
