2 0.410938 0.116204 0.063542 0.075000
2 0.680990 0.146759 0.041146 0.075000
2 0.479427 0.176389 0.051562 0.073148
2 0.579948 0.199074 0.047396 0.092593
2 0.618229 0.206019 0.029167 0.093519
2 0.648177 0.202315 0.035937 0.067593
2 0.697656 0.211574 0.040104 0.082407
2 0.372917 0.284259 0.034375 0.066667
2 0.418750 0.296296 0.033333 0.048148
2 0.518750 0.285648 0.027083 0.076852
2 0.544792 0.277778 0.025000 0.100000
2 0.578646 0.289352 0.044792 0.069444
2 0.625521 0.287963 0.033333 0.059259
2 0.666927 0.300000 0.039062 0.059259
2 0.736458 0.310185 0.022917 0.042593
2 0.794792 0.318981 0.041667 0.063889
2 0.369271 0.354630 0.029167 0.053704
2 0.403906 0.376389 0.047396 0.104630
2 0.442969 0.403241 0.039062 0.063889
2 0.503125 0.362963 0.036458 0.066667
2 0.603385 0.378241 0.036979 0.086111
2 0.543490 0.414815 0.042188 0.066667
2 0.710677 0.372685 0.038021 0.136111
2 0.761719 0.420370 0.043229 0.070370
2 0.797917 0.426389 0.035417 0.067593
2 0.426823 0.514352 0.036979 0.054630
2 0.473698 0.514352 0.042188 0.056481
2 0.513281 0.492593 0.046354 0.107407
2 0.558854 0.521296 0.037500 0.068519
2 0.582552 0.517593 0.048438 0.061111
2 0.654687 0.516204 0.043750 0.082407
2 0.706250 0.522222 0.035417 0.066667
2 0.748958 0.520833 0.050000 0.076852
2 0.783333 0.526852 0.040625 0.053704
2 0.814063 0.525463 0.041667 0.078704
2 0.844271 0.532407 0.022917 0.061111
6 0.808594 0.727778 0.054688 0.107407
