6 0.781771 0.736574 0.073958 0.078704
5 0.553385 0.782870 0.096354 0.089815
2 0.407292 0.109722 0.040625 0.086111
2 0.677865 0.145833 0.043229 0.087963
2 0.482292 0.185648 0.039583 0.076852
2 0.573177 0.213426 0.039062 0.089815
2 0.616927 0.202315 0.046354 0.086111
2 0.649740 0.206019 0.039062 0.075000
2 0.695052 0.210648 0.039062 0.069444
2 0.375000 0.279630 0.044792 0.079630
2 0.424740 0.242593 0.051562 0.044444
2 0.414844 0.291667 0.034896 0.055556
2 0.525000 0.283796 0.034375 0.073148
2 0.547917 0.278704 0.035417 0.081481
2 0.575260 0.293981 0.043229 0.078704
2 0.619010 0.289352 0.050521 0.073148
2 0.663802 0.302315 0.043229 0.080556
2 0.733594 0.317130 0.047396 0.060185
2 0.790885 0.321759 0.041146 0.062037
2 0.398698 0.387963 0.032813 0.105556
2 0.446094 0.400463 0.041146 0.069444
2 0.492708 0.419444 0.032292 0.050000
2 0.497396 0.360185 0.029167 0.064815
2 0.542448 0.412037 0.040104 0.057407
2 0.567448 0.411111 0.024479 0.070370
2 0.597396 0.388889 0.037500 0.096296
2 0.632031 0.410648 0.042188 0.071296
2 0.755990 0.416667 0.042188 0.074074
2 0.801562 0.420370 0.030208 0.066667
2 0.426823 0.517130 0.051562 0.076852
2 0.472135 0.518056 0.041146 0.082407
2 0.512760 0.497222 0.047396 0.098148
2 0.556510 0.512500 0.040104 0.078704
2 0.588542 0.522222 0.030208 0.048148
2 0.658333 0.517130 0.036458 0.076852
2 0.701823 0.524074 0.048438 0.059259
2 0.742448 0.524074 0.041146 0.062963
2 0.778906 0.520370 0.047396 0.066667
2 0.812500 0.528704 0.028125 0.064815
2 0.838021 0.532407 0.035417 0.061111
