0 0.175521 0.472222 0.062500 0.170370
0 0.257031 0.531944 0.100521 0.086111
0 0.272396 0.624537 0.122917 0.080556
5 0.130469 0.847685 0.057812 0.078704
1 0.476302 0.519444 0.085938 0.118519
1 0.502604 0.641667 0.095833 0.096296
1 0.456510 0.704167 0.074479 0.136111
1 0.486979 0.889815 0.101042 0.090741
6 0.391146 0.211574 0.084375 0.178704
6 0.548958 0.250926 0.085417 0.175926
0 0.722917 0.456019 0.090625 0.187963
0 0.690885 0.583333 0.135937 0.070370
6 0.689583 0.726852 0.040625 0.205556
5 0.863021 0.810185 0.090625 0.111111
6 0.887760 0.222222 0.047396 0.137037
2 0.903385 0.594444 0.139063 0.112963
