4 0.198177 0.366667 0.075521 0.127778
0 0.260677 0.629167 0.131771 0.075000
5 0.140625 0.851389 0.063542 0.078704
6 0.333854 0.817130 0.058333 0.175000
1 0.431771 0.777778 0.095833 0.083333
1 0.503385 0.639815 0.114062 0.100000
1 0.485156 0.800000 0.045312 0.166667
1 0.486458 0.509722 0.065625 0.130556
0 0.694531 0.588889 0.123437 0.098148
0 0.724219 0.466204 0.073438 0.197222
6 0.697135 0.716204 0.051562 0.206481
5 0.853385 0.787963 0.103646 0.116667
6 0.396094 0.194444 0.078646 0.148148
2 0.894792 0.587037 0.121875 0.101852
6 0.893750 0.219444 0.053125 0.112963
6 0.572135 0.958796 0.111979 0.082407
