6 0.209635 0.431019 0.121354 0.099074
0 0.244531 0.543981 0.150521 0.084259
0 0.682552 0.530556 0.141146 0.064815
0 0.785156 0.435648 0.040104 0.193519
0 0.756771 0.750000 0.063542 0.205556
6 0.855208 0.420833 0.091667 0.086111
6 0.657813 0.245370 0.071875 0.175926
5 0.399740 0.405556 0.107812 0.109259
5 0.688542 0.598611 0.122917 0.086111
6 0.921875 0.347685 0.083333 0.097222
6 0.610417 0.933796 0.115625 0.078704
1 0.484375 0.528704 0.043750 0.118519
1 0.478385 0.654167 0.071354 0.136111
1 0.475260 0.757870 0.069271 0.139815
