0 0.172396 0.478704 0.062500 0.172222
0 0.228906 0.473611 0.076563 0.195370
0 0.702604 0.496759 0.112500 0.086111
0 0.772135 0.729167 0.040104 0.182407
0 0.689583 0.591667 0.114583 0.046296
0 0.716667 0.700926 0.068750 0.161111
6 0.856250 0.421759 0.089583 0.087963
6 0.683594 0.223148 0.104688 0.105556
6 0.575260 0.501389 0.079687 0.197222
5 0.400781 0.431019 0.103646 0.134259
1 0.486458 0.514352 0.069792 0.143519
1 0.490885 0.677315 0.082812 0.143519
1 0.452083 0.771759 0.083333 0.073148
1 0.463281 0.938889 0.057812 0.122222
