0 0.236458 0.500926 0.100000 0.170370
0 0.240365 0.635185 0.109896 0.090741
0 0.698698 0.511111 0.117188 0.111111
0 0.774740 0.717593 0.036979 0.185185
0 0.714063 0.706944 0.067708 0.199074
5 0.401562 0.419444 0.100000 0.125926
5 0.493490 0.660185 0.073438 0.120370
5 0.451562 0.760648 0.098958 0.087963
5 0.449479 0.850463 0.096875 0.080556
5 0.461719 0.937500 0.068229 0.089815
6 0.674479 0.187037 0.064583 0.166667
6 0.855469 0.425463 0.114062 0.095370
6 0.778906 0.130093 0.073438 0.099074
6 0.601302 0.811111 0.085938 0.166667
