6 0.394010 0.181944 0.078646 0.152778
5 0.252604 0.411111 0.063542 0.174074
6 0.890104 0.211574 0.050000 0.132407
0 0.260937 0.630556 0.129167 0.100000
5 0.128646 0.843056 0.055208 0.069444
1 0.485417 0.511574 0.055208 0.156481
1 0.513021 0.641667 0.101042 0.103704
1 0.442448 0.681481 0.076563 0.112963
1 0.432552 0.782870 0.100521 0.093519
0 0.677344 0.589352 0.115104 0.086111
0 0.752083 0.726389 0.040625 0.199074
5 0.848698 0.806481 0.084896 0.114815
5 0.190625 0.371759 0.056250 0.184259
2 0.891927 0.609259 0.106771 0.133333
6 0.561198 0.951389 0.047396 0.097222
