0 0.190365 0.516204 0.072396 0.075000
0 0.242969 0.506481 0.086979 0.151852
0 0.237500 0.715741 0.085417 0.174074
0 0.758073 0.458796 0.056771 0.167593
0 0.779167 0.726389 0.036458 0.187963
0 0.691927 0.581481 0.118229 0.055556
0 0.723177 0.699537 0.077604 0.191667
6 0.678906 0.207870 0.067187 0.200926
5 0.397656 0.413889 0.095312 0.122222
1 0.470573 0.525000 0.048438 0.157407
1 0.504167 0.792130 0.086458 0.113889
1 0.453646 0.702778 0.070833 0.114815
6 0.840885 0.362037 0.048438 0.150000
6 0.935156 0.397685 0.047396 0.147222
