2 0.446875 0.294907 0.029167 0.065741
2 0.474740 0.275926 0.046354 0.061111
2 0.524740 0.278704 0.025521 0.077778
2 0.553906 0.289815 0.029687 0.059259
2 0.590104 0.295833 0.027083 0.075000
2 0.610417 0.290278 0.029167 0.063889
2 0.649219 0.296296 0.038021 0.059259
2 0.758594 0.306481 0.045312 0.079630
2 0.386719 0.341667 0.051562 0.051852
2 0.468229 0.344444 0.029167 0.061111
2 0.506771 0.347222 0.033333 0.055556
2 0.544792 0.350000 0.035417 0.055556
2 0.575000 0.352778 0.039583 0.053704
2 0.399219 0.400000 0.033854 0.057407
2 0.430469 0.390741 0.048438 0.072222
2 0.512500 0.402315 0.035417 0.058333
2 0.577604 0.405556 0.044792 0.059259
2 0.615885 0.405556 0.048438 0.059259
2 0.647656 0.414815 0.036979 0.048148
2 0.704167 0.412963 0.037500 0.062963
2 0.759896 0.413889 0.058333 0.053704
2 0.331510 0.508333 0.046354 0.062963
2 0.471875 0.520370 0.038542 0.059259
2 0.400260 0.505556 0.038021 0.057407
2 0.507552 0.489815 0.039062 0.109259
2 0.546354 0.515278 0.038542 0.069444
2 0.582812 0.509722 0.034375 0.084259
2 0.616146 0.516204 0.030208 0.075000
2 0.645052 0.513426 0.046354 0.076852
2 0.690625 0.518519 0.036458 0.055556
2 0.728385 0.517593 0.036979 0.061111
2 0.764583 0.524074 0.039583 0.062963
2 0.801823 0.524074 0.043229 0.062963
6 0.815104 0.707870 0.059375 0.132407
6 0.289583 0.764352 0.061458 0.141667
