6 0.282813 0.766204 0.033333 0.137963
6 0.810417 0.704167 0.058333 0.100926
2 0.329427 0.508333 0.044271 0.062963
2 0.397135 0.511574 0.042188 0.062037
2 0.471354 0.512963 0.039583 0.057407
2 0.506250 0.487500 0.034375 0.097222
2 0.542448 0.509722 0.052604 0.065741
2 0.578906 0.497685 0.047396 0.080556
2 0.641927 0.511574 0.048438 0.062037
2 0.689063 0.518519 0.037500 0.059259
2 0.724219 0.502778 0.045312 0.077778
2 0.765625 0.514352 0.033333 0.054630
2 0.807031 0.510185 0.045312 0.062963
2 0.446615 0.285185 0.040104 0.068519
2 0.483333 0.279630 0.031250 0.050000
2 0.530208 0.268981 0.036458 0.067593
2 0.553385 0.287963 0.028646 0.055556
2 0.590365 0.290278 0.043229 0.063889
2 0.644531 0.281019 0.049479 0.082407
2 0.762500 0.314352 0.035417 0.065741
2 0.393750 0.343519 0.033333 0.048148
2 0.472917 0.349537 0.023958 0.050926
2 0.546875 0.352778 0.041667 0.064815
2 0.577604 0.354167 0.034375 0.034259
2 0.647656 0.355556 0.032813 0.044444
2 0.721875 0.365741 0.030208 0.042593
2 0.762500 0.415741 0.053125 0.046296
2 0.707812 0.414815 0.030208 0.055556
2 0.650781 0.411111 0.025521 0.048148
2 0.623437 0.414815 0.035417 0.059259
2 0.583333 0.404630 0.027083 0.057407
2 0.513802 0.403241 0.047396 0.060185
2 0.426042 0.381019 0.033333 0.076852
2 0.393750 0.399537 0.039583 0.067593
