2 0.450521 0.292130 0.038542 0.060185
2 0.476823 0.277778 0.040104 0.064815
2 0.529687 0.277778 0.031250 0.064815
2 0.555469 0.292130 0.028646 0.050926
2 0.596354 0.302778 0.027083 0.053704
2 0.641667 0.297222 0.037500 0.053704
2 0.662240 0.269907 0.046354 0.076852
2 0.399219 0.392593 0.028646 0.057407
2 0.435417 0.360185 0.032292 0.064815
2 0.469792 0.346759 0.023958 0.049074
2 0.466146 0.401389 0.041667 0.050926
2 0.504427 0.350463 0.049479 0.037963
2 0.514062 0.401389 0.050000 0.067593
2 0.543750 0.358333 0.031250 0.064815
2 0.581510 0.399074 0.040104 0.055556
2 0.622396 0.412963 0.022917 0.055556
2 0.648177 0.412037 0.038021 0.053704
2 0.707552 0.413889 0.040104 0.053704
2 0.769010 0.415741 0.044271 0.046296
2 0.760156 0.319907 0.046354 0.076852
2 0.337240 0.503241 0.051562 0.078704
2 0.397135 0.495370 0.042188 0.074074
2 0.469271 0.505556 0.031250 0.042593
2 0.502344 0.475000 0.045312 0.114815
2 0.552604 0.514352 0.034375 0.063889
2 0.578646 0.485648 0.038542 0.093519
2 0.688542 0.511574 0.036458 0.065741
2 0.772656 0.519444 0.036979 0.050000
2 0.815104 0.516667 0.035417 0.059259
0 0.872656 0.944444 0.081771 0.111111
6 0.890625 0.696296 0.046875 0.090741
