2 0.390625 0.341204 0.033333 0.069444
2 0.451042 0.282870 0.037500 0.075000
2 0.477344 0.280093 0.021354 0.080556
2 0.527604 0.271296 0.025000 0.070370
2 0.554948 0.291204 0.036979 0.065741
2 0.595833 0.297222 0.032292 0.061111
2 0.646875 0.293519 0.031250 0.057407
2 0.763542 0.308333 0.053125 0.061111
2 0.437500 0.354167 0.038542 0.076852
2 0.468229 0.352778 0.037500 0.057407
2 0.507292 0.355556 0.032292 0.051852
2 0.542708 0.356481 0.037500 0.046296
2 0.576562 0.363889 0.028125 0.057407
2 0.649740 0.357407 0.027604 0.055556
2 0.722917 0.358333 0.032292 0.053704
2 0.399740 0.396296 0.043229 0.061111
2 0.514583 0.406481 0.037500 0.050000
2 0.580208 0.414815 0.035417 0.048148
2 0.619010 0.416667 0.038021 0.066667
2 0.647135 0.413889 0.042188 0.046296
2 0.705729 0.411111 0.036458 0.062963
2 0.760938 0.385648 0.056250 0.078704
2 0.322656 0.501852 0.042188 0.092593
2 0.391146 0.504630 0.040625 0.070370
2 0.465625 0.509259 0.034375 0.061111
2 0.511198 0.490278 0.038021 0.099074
2 0.545833 0.506481 0.025000 0.048148
2 0.570573 0.493519 0.030729 0.101852
2 0.611979 0.488426 0.034375 0.084259
2 0.642708 0.507407 0.039583 0.068519
2 0.691406 0.523148 0.040104 0.064815
2 0.728385 0.510185 0.034896 0.059259
2 0.765365 0.525926 0.046354 0.059259
2 0.803906 0.506481 0.047396 0.066667
5 0.669271 0.725463 0.066667 0.086111
6 0.805469 0.711111 0.048438 0.114815
6 0.885937 0.685648 0.032292 0.099074
0 0.884635 0.946296 0.101562 0.103704
