2 0.390104 0.347685 0.036458 0.063889
2 0.429948 0.357407 0.039062 0.090741
2 0.444010 0.283333 0.034896 0.057407
2 0.477344 0.279630 0.034896 0.064815
2 0.557031 0.299074 0.021354 0.053704
2 0.524740 0.270833 0.034896 0.093519
2 0.586979 0.293056 0.029167 0.065741
2 0.611458 0.288889 0.020833 0.050000
2 0.643229 0.300926 0.038542 0.050000
2 0.653646 0.263426 0.053125 0.075000
2 0.759635 0.312963 0.049479 0.066667
2 0.469271 0.349074 0.027083 0.057407
2 0.504167 0.350926 0.030208 0.057407
2 0.545833 0.356481 0.027083 0.050000
2 0.576042 0.356481 0.035417 0.046296
2 0.615625 0.361111 0.031250 0.051852
2 0.643490 0.361111 0.041146 0.044444
2 0.767969 0.405556 0.046354 0.051852
2 0.704427 0.408796 0.044271 0.071296
2 0.654167 0.408333 0.023958 0.057407
2 0.621354 0.415741 0.039583 0.057407
2 0.581250 0.401852 0.037500 0.057407
2 0.524740 0.400000 0.036979 0.050000
2 0.327604 0.503241 0.044792 0.082407
2 0.467708 0.503704 0.038542 0.050000
2 0.391146 0.507407 0.042708 0.053704
2 0.510938 0.491204 0.030208 0.086111
2 0.544792 0.483796 0.031250 0.097222
2 0.580208 0.485648 0.029167 0.097222
2 0.614583 0.492130 0.029167 0.080556
2 0.691667 0.512500 0.034375 0.047222
2 0.723698 0.510185 0.050521 0.059259
2 0.767188 0.518056 0.038542 0.067593
2 0.805469 0.507870 0.054688 0.069444
5 0.672396 0.722222 0.070833 0.068519
6 0.800781 0.698148 0.049479 0.098148
6 0.883594 0.685648 0.032813 0.073148
