6 0.808333 0.704167 0.056250 0.121296
6 0.891667 0.680093 0.035417 0.095370
2 0.450260 0.298611 0.043229 0.076852
2 0.473438 0.272685 0.035417 0.082407
2 0.526302 0.278241 0.040104 0.084259
2 0.555990 0.292130 0.034896 0.056481
2 0.593229 0.287500 0.027083 0.080556
2 0.618750 0.289815 0.028125 0.059259
2 0.638021 0.297222 0.032292 0.053704
2 0.764583 0.287963 0.061458 0.062963
2 0.396615 0.395833 0.041146 0.071296
2 0.425781 0.370833 0.041146 0.078704
2 0.515365 0.408333 0.046354 0.057407
2 0.547917 0.359259 0.037500 0.044444
2 0.576042 0.357407 0.025000 0.051852
2 0.510417 0.352778 0.027083 0.046296
2 0.613281 0.358333 0.039062 0.046296
2 0.636458 0.353241 0.037500 0.043519
2 0.757552 0.395370 0.047396 0.070370
2 0.708333 0.412963 0.033333 0.066667
2 0.656250 0.401389 0.023958 0.047222
2 0.623437 0.412037 0.027083 0.053704
2 0.583854 0.406019 0.034375 0.062037
2 0.330729 0.508796 0.040625 0.067593
2 0.463802 0.506481 0.048438 0.055556
2 0.401562 0.494907 0.037500 0.075000
2 0.510677 0.472222 0.049479 0.074074
2 0.578125 0.485648 0.039583 0.093519
2 0.615625 0.493981 0.033333 0.091667
2 0.689063 0.519907 0.033333 0.071296
2 0.732812 0.516204 0.028125 0.082407
2 0.774219 0.523148 0.035937 0.072222
2 0.807031 0.520370 0.036979 0.055556
