2 0.453125 0.296296 0.041667 0.062963
2 0.477083 0.279630 0.031250 0.061111
2 0.530729 0.277778 0.029167 0.075926
2 0.558333 0.291204 0.026042 0.069444
2 0.588542 0.281944 0.028125 0.080556
2 0.617448 0.287037 0.021354 0.064815
2 0.646615 0.296296 0.027604 0.051852
2 0.820052 0.303241 0.057812 0.078704
2 0.388021 0.339815 0.028125 0.051852
2 0.402083 0.403241 0.038542 0.063889
2 0.427865 0.359259 0.045312 0.077778
2 0.468229 0.350463 0.033333 0.062037
2 0.512500 0.383333 0.037500 0.068519
2 0.545312 0.362963 0.040625 0.055556
2 0.577083 0.354630 0.025000 0.057407
2 0.621875 0.362037 0.028125 0.057407
2 0.647135 0.352778 0.035937 0.046296
2 0.725521 0.368056 0.029167 0.069444
2 0.716146 0.418519 0.037500 0.048148
2 0.653646 0.412963 0.025000 0.055556
2 0.619010 0.420370 0.026562 0.059259
2 0.583594 0.407407 0.040104 0.051852
2 0.328646 0.503241 0.036458 0.082407
2 0.399740 0.487500 0.045312 0.082407
2 0.470312 0.485648 0.035417 0.089815
2 0.502604 0.456944 0.059375 0.093519
2 0.566667 0.484722 0.032292 0.095370
2 0.646615 0.505556 0.039062 0.068519
2 0.691146 0.518056 0.039583 0.063889
2 0.727344 0.517593 0.029687 0.057407
2 0.764062 0.515278 0.038542 0.065741
2 0.808073 0.511574 0.041146 0.062037
6 0.892708 0.678704 0.041667 0.112963
6 0.809896 0.704167 0.057292 0.086111
