6 0.890625 0.681481 0.045833 0.109259
6 0.804427 0.699074 0.048438 0.107407
2 0.449740 0.294444 0.044271 0.059259
2 0.476823 0.272685 0.040104 0.075000
2 0.529167 0.267130 0.026042 0.078704
2 0.558333 0.292130 0.030208 0.078704
2 0.594792 0.292130 0.028125 0.075000
2 0.614844 0.289815 0.020313 0.059259
2 0.642188 0.291204 0.030208 0.062037
2 0.748958 0.337037 0.032292 0.053704
2 0.767708 0.396759 0.033333 0.076852
2 0.715365 0.360185 0.021354 0.064815
2 0.712240 0.413889 0.023438 0.068519
2 0.650000 0.416667 0.034375 0.048148
2 0.645052 0.347685 0.038021 0.054630
2 0.394010 0.393981 0.040104 0.078704
2 0.428125 0.369444 0.029167 0.061111
2 0.473958 0.350000 0.030208 0.055556
2 0.511458 0.351389 0.033333 0.043519
2 0.543229 0.357407 0.032292 0.044444
2 0.575521 0.358333 0.038542 0.053704
2 0.511458 0.402315 0.029167 0.052778
2 0.582552 0.400463 0.048438 0.049074
2 0.395573 0.493981 0.047396 0.091667
2 0.467708 0.503704 0.054167 0.053704
2 0.510417 0.476852 0.035417 0.107407
2 0.572135 0.485648 0.051562 0.117593
2 0.613802 0.490278 0.038021 0.102778
2 0.644271 0.513426 0.030208 0.073148
2 0.691927 0.510648 0.039062 0.063889
2 0.733333 0.525926 0.031250 0.062963
2 0.770052 0.512500 0.044271 0.063889
2 0.818490 0.507407 0.052604 0.057407
2 0.326823 0.501852 0.046354 0.064815
2 0.822135 0.305556 0.053646 0.081481
