2 0.332552 0.509722 0.046354 0.069444
2 0.389062 0.328704 0.028125 0.048148
2 0.401562 0.399074 0.033333 0.062963
2 0.451823 0.289352 0.044271 0.062037
2 0.430469 0.369907 0.033854 0.087963
2 0.481771 0.271759 0.023958 0.073148
2 0.530208 0.268981 0.026042 0.067593
2 0.554427 0.286111 0.033854 0.059259
2 0.593750 0.285185 0.028125 0.057407
2 0.615365 0.290741 0.021354 0.053704
2 0.640625 0.301852 0.033333 0.051852
2 0.471354 0.353704 0.022917 0.062963
2 0.508073 0.353704 0.028646 0.055556
2 0.543750 0.360185 0.027083 0.050000
2 0.578646 0.358333 0.023958 0.042593
2 0.615625 0.355556 0.033333 0.044444
2 0.650521 0.361111 0.029167 0.040741
2 0.683854 0.360185 0.031250 0.042593
2 0.722917 0.368519 0.028125 0.048148
2 0.752083 0.345833 0.032292 0.071296
2 0.513542 0.481019 0.039583 0.069444
2 0.573438 0.474074 0.028125 0.059259
2 0.617969 0.481019 0.040104 0.084259
2 0.643229 0.504630 0.028125 0.062963
2 0.688021 0.519444 0.031250 0.061111
2 0.726302 0.515278 0.036979 0.049074
2 0.759635 0.508333 0.039062 0.051852
2 0.810156 0.505093 0.043229 0.078704
