2 0.328385 0.502778 0.046354 0.070370
2 0.399740 0.372685 0.036979 0.097222
2 0.451042 0.280556 0.037500 0.077778
2 0.432031 0.364815 0.036979 0.109259
2 0.477604 0.283333 0.032292 0.068519
2 0.529167 0.276389 0.026042 0.082407
2 0.555469 0.286574 0.038021 0.067593
2 0.588542 0.291204 0.036458 0.069444
2 0.613542 0.284259 0.031250 0.070370
2 0.639583 0.293981 0.041667 0.071296
2 0.468750 0.352778 0.032292 0.064815
2 0.530990 0.372685 0.047396 0.089815
2 0.576562 0.353704 0.030208 0.055556
2 0.617448 0.393519 0.029687 0.055556
2 0.650260 0.410185 0.035937 0.057407
2 0.704688 0.412037 0.028125 0.061111
2 0.724479 0.363889 0.031250 0.064815
2 0.751042 0.359259 0.023958 0.044444
2 0.777604 0.368519 0.029167 0.051852
2 0.764062 0.416667 0.042708 0.062963
2 0.409115 0.504167 0.046354 0.076852
2 0.471615 0.516204 0.044271 0.063889
2 0.579167 0.483796 0.029167 0.093519
2 0.616146 0.492130 0.032292 0.099074
2 0.649219 0.518981 0.033854 0.073148
2 0.691667 0.521296 0.038542 0.068519
2 0.730729 0.525926 0.032292 0.062963
2 0.767708 0.520833 0.033333 0.069444
2 0.809896 0.518519 0.039583 0.059259
