2 0.452083 0.273148 0.043750 0.101852
2 0.530208 0.268981 0.038542 0.075000
2 0.563021 0.297685 0.035417 0.071296
2 0.599479 0.296296 0.035417 0.059259
2 0.641667 0.299074 0.039583 0.061111
2 0.400260 0.369907 0.040104 0.091667
2 0.445573 0.373611 0.048438 0.099074
2 0.531250 0.384722 0.058333 0.080556
2 0.582812 0.399074 0.036458 0.062963
2 0.611198 0.376389 0.043229 0.089815
2 0.649740 0.414815 0.034896 0.055556
2 0.705208 0.412037 0.037500 0.046296
2 0.723958 0.369907 0.034375 0.073148
2 0.765625 0.408333 0.048958 0.046296
2 0.333073 0.503704 0.045312 0.061111
2 0.407812 0.494907 0.039583 0.082407
2 0.476823 0.508333 0.031771 0.055556
2 0.517708 0.491667 0.057292 0.062963
2 0.572656 0.486574 0.040104 0.099074
2 0.614583 0.482407 0.035417 0.103704
2 0.646875 0.516204 0.033333 0.060185
2 0.692448 0.521296 0.038021 0.068519
2 0.734896 0.525000 0.034375 0.061111
2 0.765104 0.523148 0.034375 0.061111
2 0.805990 0.518519 0.051562 0.059259
