2 0.452083 0.272222 0.039583 0.072222
2 0.406250 0.376389 0.032292 0.082407
2 0.455990 0.376389 0.041146 0.082407
2 0.529167 0.279167 0.030208 0.082407
2 0.559375 0.287500 0.036458 0.073148
2 0.596354 0.299074 0.025000 0.068519
2 0.640625 0.297685 0.035417 0.071296
2 0.505729 0.351389 0.029167 0.067593
2 0.528646 0.396296 0.035417 0.068519
2 0.547917 0.353704 0.027083 0.062963
2 0.581771 0.399074 0.038542 0.059259
2 0.618490 0.380093 0.045312 0.075000
2 0.656250 0.412963 0.040625 0.059259
2 0.712760 0.414815 0.040104 0.059259
2 0.720833 0.357407 0.023958 0.055556
2 0.765625 0.411111 0.041667 0.055556
2 0.333594 0.509259 0.044271 0.064815
2 0.404948 0.492593 0.049479 0.107407
2 0.473177 0.507407 0.041146 0.061111
2 0.581771 0.481944 0.030208 0.100926
2 0.613802 0.491204 0.044271 0.089815
2 0.649479 0.514352 0.033333 0.067593
2 0.689063 0.516204 0.033333 0.063889
2 0.727865 0.520370 0.033854 0.059259
2 0.763281 0.517593 0.044271 0.050000
2 0.806510 0.514352 0.048438 0.056481
