2 0.390104 0.339352 0.036458 0.084259
2 0.452865 0.283796 0.046354 0.084259
2 0.480729 0.277778 0.032292 0.068519
2 0.535417 0.272222 0.026042 0.072222
2 0.558854 0.286111 0.031250 0.066667
2 0.593229 0.294907 0.037500 0.076852
2 0.615365 0.284259 0.027604 0.070370
2 0.648438 0.295370 0.031250 0.057407
2 0.429688 0.381019 0.031250 0.073148
2 0.464323 0.371759 0.051562 0.095370
2 0.524479 0.402315 0.031250 0.062037
2 0.542708 0.371759 0.029167 0.084259
2 0.575260 0.388889 0.047396 0.088889
2 0.621094 0.386111 0.050521 0.090741
2 0.651563 0.411111 0.037500 0.062963
2 0.705990 0.420370 0.047396 0.048148
2 0.723437 0.366667 0.025000 0.070370
2 0.761198 0.415741 0.048438 0.061111
2 0.335156 0.501852 0.051562 0.064815
2 0.401042 0.493981 0.066667 0.091667
2 0.572656 0.485648 0.044271 0.093519
2 0.642708 0.515741 0.031250 0.057407
2 0.612500 0.493981 0.053125 0.095370
2 0.688542 0.524074 0.040625 0.059259
2 0.728385 0.518056 0.034896 0.063889
2 0.763281 0.509722 0.044271 0.069444
2 0.806510 0.517593 0.044271 0.061111
