2 0.392448 0.332407 0.045312 0.098148
2 0.451042 0.285648 0.039583 0.080556
2 0.479167 0.277778 0.029167 0.079630
2 0.532292 0.276852 0.028125 0.077778
2 0.559375 0.279630 0.036458 0.072222
2 0.588542 0.297685 0.034375 0.078704
2 0.613802 0.276852 0.024479 0.090741
2 0.642708 0.296296 0.037500 0.048148
2 0.420833 0.367130 0.027083 0.082407
2 0.473958 0.356481 0.058333 0.050000
2 0.508073 0.350926 0.033854 0.050000
2 0.543750 0.354630 0.027083 0.042593
2 0.573958 0.358333 0.031250 0.050000
2 0.624479 0.379167 0.045833 0.099074
2 0.704167 0.415741 0.031250 0.050000
2 0.718750 0.365741 0.032292 0.053704
2 0.749479 0.367593 0.031250 0.042593
2 0.778646 0.371296 0.037500 0.053704
2 0.525521 0.408796 0.031250 0.071296
2 0.339323 0.506019 0.055729 0.073148
2 0.400260 0.501852 0.040104 0.064815
2 0.579167 0.488426 0.039583 0.102778
2 0.614583 0.509722 0.035417 0.073148
2 0.643750 0.511574 0.029167 0.069444
2 0.695573 0.513426 0.026562 0.058333
2 0.729948 0.513426 0.042188 0.076852
2 0.766146 0.524074 0.036458 0.062963
2 0.810937 0.519444 0.039583 0.061111
