2 0.478385 0.181944 0.057812 0.058333
2 0.613542 0.201852 0.029167 0.059259
2 0.480469 0.272222 0.041146 0.064815
2 0.522656 0.284722 0.029687 0.075000
2 0.557292 0.289352 0.036458 0.065741
2 0.597656 0.273611 0.048438 0.076852
2 0.644010 0.295370 0.046354 0.061111
2 0.386719 0.343519 0.039062 0.048148
2 0.432812 0.373611 0.037500 0.073148
2 0.470833 0.402778 0.030208 0.055556
2 0.519792 0.400926 0.031250 0.059259
2 0.541146 0.359259 0.032292 0.066667
2 0.578646 0.356481 0.034375 0.053704
2 0.613542 0.359259 0.033333 0.048148
2 0.725521 0.373611 0.031250 0.062037
2 0.755208 0.375463 0.036458 0.052778
2 0.372135 0.403241 0.048438 0.071296
2 0.593750 0.412037 0.038542 0.053704
2 0.624479 0.409259 0.029167 0.051852
2 0.649740 0.407407 0.034896 0.055556
2 0.341406 0.506481 0.051562 0.055556
2 0.527344 0.493056 0.040104 0.082407
2 0.578906 0.512037 0.047396 0.059259
2 0.616146 0.513426 0.032292 0.065741
2 0.648177 0.512500 0.033854 0.063889
2 0.689063 0.515741 0.053125 0.057407
2 0.730208 0.516667 0.031250 0.059259
2 0.758594 0.512037 0.047396 0.059259
2 0.810937 0.612500 0.061458 0.086111
