2 0.381510 0.160185 0.083854 0.070370
2 0.622656 0.200000 0.049479 0.066667
2 0.478906 0.261574 0.046354 0.082407
2 0.526042 0.282407 0.034375 0.070370
2 0.562500 0.277778 0.042708 0.079630
2 0.648177 0.291204 0.040104 0.062037
2 0.365625 0.393519 0.033333 0.055556
2 0.390104 0.346759 0.044792 0.058333
2 0.400260 0.415741 0.026562 0.064815
2 0.428385 0.391667 0.028646 0.070370
2 0.449479 0.341667 0.034375 0.055556
2 0.474740 0.404167 0.035937 0.058333
2 0.519531 0.390741 0.041146 0.072222
2 0.550000 0.378241 0.031250 0.100926
2 0.576562 0.403241 0.038542 0.063889
2 0.621094 0.403241 0.044271 0.071296
2 0.650000 0.411111 0.028125 0.059259
2 0.703646 0.405556 0.044792 0.059259
2 0.759115 0.410185 0.033854 0.053704
2 0.775781 0.360185 0.023438 0.053704
2 0.753125 0.346759 0.028125 0.058333
2 0.723177 0.359259 0.019271 0.070370
2 0.695573 0.350463 0.026562 0.049074
2 0.328125 0.508796 0.041667 0.071296
2 0.532292 0.491667 0.044792 0.105556
2 0.577604 0.517130 0.038542 0.069444
2 0.616927 0.516204 0.035937 0.075000
2 0.644271 0.516204 0.028125 0.067593
2 0.690885 0.519444 0.043229 0.057407
2 0.728385 0.519907 0.039062 0.067593
2 0.760677 0.517130 0.041146 0.069444
2 0.806510 0.611111 0.068229 0.075926
6 0.872917 0.777315 0.038542 0.137963
