2 0.352865 0.152778 0.052604 0.111111
2 0.630208 0.209722 0.058333 0.075000
2 0.481250 0.272685 0.035417 0.075000
2 0.547396 0.277315 0.030208 0.084259
2 0.642969 0.296296 0.046354 0.062963
2 0.388021 0.334259 0.023958 0.087037
2 0.450000 0.346759 0.039583 0.058333
2 0.472917 0.343519 0.030208 0.048148
2 0.546875 0.367593 0.045833 0.064815
2 0.581771 0.358333 0.028125 0.053704
2 0.435937 0.402315 0.031250 0.058333
2 0.474740 0.399074 0.042188 0.059259
2 0.517448 0.401389 0.047396 0.060185
2 0.621354 0.405093 0.039583 0.063889
2 0.650521 0.408333 0.029167 0.057407
2 0.707031 0.410185 0.047396 0.053704
2 0.762500 0.415741 0.031250 0.046296
2 0.754687 0.356481 0.029167 0.053704
2 0.725781 0.351852 0.028646 0.062963
2 0.328646 0.497222 0.066667 0.074074
2 0.533333 0.489352 0.042708 0.093519
2 0.582031 0.512963 0.041146 0.057407
2 0.618750 0.514815 0.032292 0.055556
2 0.648698 0.519907 0.043229 0.075000
2 0.694271 0.515741 0.033333 0.053704
2 0.723177 0.515278 0.051562 0.073148
2 0.766146 0.506944 0.042708 0.075000
2 0.813542 0.617130 0.050000 0.080556
