2 0.349740 0.171296 0.035937 0.070370
2 0.619271 0.204167 0.035417 0.067593
2 0.478125 0.276852 0.029167 0.077778
2 0.397135 0.342130 0.038021 0.078704
2 0.324219 0.502778 0.047396 0.070370
2 0.427865 0.408333 0.043229 0.046296
2 0.456771 0.348611 0.058333 0.062037
2 0.469271 0.404167 0.048958 0.065741
2 0.518229 0.387963 0.030208 0.087037
2 0.542708 0.357407 0.031250 0.062963
2 0.575521 0.399074 0.040625 0.059259
2 0.620052 0.417593 0.038021 0.061111
2 0.651302 0.407407 0.022396 0.055556
2 0.759115 0.409259 0.028646 0.048148
2 0.707292 0.408333 0.033333 0.050000
2 0.775781 0.372685 0.019271 0.043519
2 0.746094 0.356481 0.022396 0.053704
2 0.711719 0.354630 0.044271 0.068519
2 0.647135 0.291204 0.038021 0.062037
2 0.547917 0.268981 0.043750 0.067593
2 0.601302 0.268981 0.041146 0.075000
2 0.581771 0.517130 0.032292 0.062037
2 0.616146 0.519444 0.032292 0.057407
2 0.693490 0.518519 0.046354 0.062963
2 0.725260 0.514352 0.043229 0.078704
2 0.761198 0.515278 0.042188 0.084259
2 0.786719 0.509722 0.021354 0.073148
2 0.822656 0.623611 0.046354 0.078704
