2 0.448177 0.175000 0.039062 0.066667
2 0.476302 0.272685 0.039062 0.086111
2 0.389844 0.350463 0.047396 0.069444
2 0.618490 0.199074 0.039062 0.068519
2 0.545833 0.281481 0.029167 0.061111
2 0.602865 0.276389 0.044271 0.086111
2 0.646615 0.291204 0.039062 0.069444
2 0.429948 0.402778 0.053646 0.055556
2 0.452604 0.345370 0.042708 0.059259
2 0.476823 0.398611 0.033854 0.069444
2 0.520833 0.394444 0.029167 0.064815
2 0.578125 0.400000 0.043750 0.061111
2 0.616927 0.407407 0.042188 0.055556
2 0.652083 0.407407 0.028125 0.062963
2 0.759896 0.411111 0.030208 0.051852
2 0.776042 0.365278 0.026042 0.089815
2 0.705729 0.359259 0.040625 0.066667
2 0.337240 0.492130 0.059896 0.080556
2 0.580729 0.513426 0.034375 0.058333
2 0.612500 0.513426 0.031250 0.062037
2 0.642188 0.510648 0.032292 0.097222
2 0.687500 0.525926 0.047917 0.070370
2 0.757552 0.519907 0.039062 0.067593
2 0.822135 0.621759 0.036979 0.067593
0 0.885937 0.915741 0.094792 0.100000
5 0.554427 0.846759 0.080729 0.126852
