2 0.387500 0.354167 0.031250 0.080556
2 0.479427 0.270833 0.023438 0.071296
2 0.521615 0.274537 0.023438 0.082407
2 0.559115 0.291204 0.043229 0.062037
2 0.596615 0.273611 0.046354 0.080556
2 0.617969 0.204630 0.044271 0.057407
2 0.434375 0.392593 0.038542 0.064815
2 0.480469 0.388889 0.039062 0.075926
2 0.523177 0.397222 0.035937 0.059259
2 0.581510 0.406944 0.042188 0.078704
2 0.618229 0.405093 0.033333 0.067593
2 0.648698 0.412037 0.047396 0.061111
2 0.755208 0.414815 0.032292 0.040741
2 0.706250 0.400000 0.035417 0.061111
2 0.642708 0.293056 0.037500 0.065741
2 0.578646 0.512963 0.030208 0.053704
2 0.614844 0.512963 0.026562 0.057407
2 0.640104 0.507870 0.050000 0.087963
2 0.691927 0.515278 0.039062 0.062037
2 0.765365 0.514352 0.046354 0.063889
2 0.820573 0.629167 0.038021 0.071296
2 0.332031 0.501852 0.041146 0.057407
