6 0.273177 0.751852 0.038021 0.127778
2 0.392188 0.350463 0.042708 0.073148
2 0.477344 0.253241 0.034896 0.084259
2 0.431771 0.401852 0.033333 0.053704
2 0.451562 0.341667 0.034375 0.066667
2 0.470052 0.395370 0.049479 0.059259
2 0.545833 0.283796 0.029167 0.076852
2 0.593229 0.268056 0.048958 0.095370
2 0.644531 0.293981 0.053646 0.067593
2 0.618229 0.202778 0.033333 0.057407
2 0.521875 0.381944 0.031250 0.086111
2 0.550260 0.386574 0.022396 0.087963
2 0.581250 0.395370 0.033333 0.059259
2 0.615365 0.409259 0.036979 0.048148
2 0.643229 0.411111 0.038542 0.066667
2 0.759375 0.412037 0.029167 0.038889
2 0.703125 0.404167 0.041667 0.065741
2 0.330208 0.506019 0.041667 0.087963
2 0.577604 0.516204 0.056250 0.075000
2 0.615104 0.512500 0.030208 0.063889
2 0.649740 0.513426 0.059896 0.076852
2 0.678646 0.506019 0.060417 0.073148
2 0.815885 0.613889 0.047396 0.074074
