2 0.386458 0.347685 0.035417 0.075000
2 0.466146 0.256481 0.041667 0.064815
2 0.546354 0.296296 0.050000 0.062963
2 0.595573 0.265278 0.050521 0.078704
2 0.617969 0.206944 0.048438 0.058333
2 0.647656 0.284722 0.047396 0.075000
2 0.399219 0.410185 0.022396 0.064815
2 0.427083 0.400000 0.033333 0.053704
2 0.447656 0.343519 0.024479 0.059259
2 0.475781 0.395370 0.033854 0.059259
2 0.520312 0.392593 0.030208 0.061111
2 0.540885 0.360185 0.027604 0.064815
2 0.579167 0.403241 0.037500 0.054630
2 0.625000 0.403704 0.032292 0.055556
2 0.645573 0.404167 0.036979 0.062037
2 0.758854 0.415741 0.030208 0.050000
2 0.579688 0.514352 0.036458 0.063889
2 0.615365 0.514815 0.041146 0.055556
2 0.645573 0.515278 0.036979 0.087963
2 0.695573 0.514352 0.048438 0.060185
2 0.760156 0.522685 0.054688 0.076852
2 0.821094 0.614815 0.034896 0.068519
2 0.327604 0.502778 0.054167 0.062963
