2 0.430469 0.251852 0.050521 0.087037
2 0.616406 0.203241 0.041146 0.073148
2 0.548438 0.296759 0.038542 0.065741
2 0.640625 0.293056 0.055208 0.069444
2 0.590885 0.261574 0.042188 0.093519
2 0.390625 0.348611 0.029167 0.065741
2 0.453646 0.339815 0.028125 0.051852
2 0.468229 0.345833 0.045833 0.067593
2 0.498437 0.347685 0.027083 0.050926
2 0.539844 0.362037 0.039062 0.057407
2 0.578646 0.353704 0.040625 0.055556
2 0.665885 0.363889 0.027604 0.057407
2 0.779167 0.332407 0.040625 0.094444
2 0.397656 0.408333 0.034896 0.053704
2 0.433073 0.400926 0.041146 0.055556
2 0.469531 0.403241 0.046354 0.050926
2 0.523177 0.403241 0.040104 0.050926
2 0.582031 0.411111 0.047396 0.048148
2 0.618750 0.406019 0.032292 0.065741
2 0.647656 0.410185 0.032813 0.064815
2 0.758594 0.413889 0.029687 0.057407
2 0.706510 0.410185 0.044271 0.068519
2 0.333333 0.492593 0.057292 0.068519
2 0.579688 0.515278 0.030208 0.069444
2 0.607292 0.517130 0.033333 0.073148
2 0.640625 0.510648 0.037500 0.071296
2 0.694010 0.519444 0.034896 0.064815
2 0.814844 0.608333 0.045312 0.070370
0 0.865885 0.931944 0.106771 0.097222
