2 0.416927 0.246296 0.051562 0.090741
2 0.600260 0.264352 0.036979 0.080556
2 0.611198 0.206944 0.049479 0.065741
2 0.550521 0.289352 0.054167 0.069444
2 0.642188 0.291204 0.050000 0.095370
2 0.387500 0.313426 0.035417 0.086111
2 0.428125 0.396296 0.033333 0.050000
2 0.353385 0.389815 0.053646 0.070370
2 0.446875 0.346296 0.029167 0.057407
2 0.475000 0.337037 0.028125 0.057407
2 0.476302 0.401389 0.032813 0.060185
2 0.501563 0.347685 0.035417 0.060185
2 0.517188 0.399537 0.038542 0.075000
2 0.581250 0.401389 0.035417 0.060185
2 0.619010 0.409259 0.038021 0.059259
2 0.645052 0.404167 0.038021 0.065741
2 0.702083 0.403241 0.057292 0.063889
2 0.763281 0.416667 0.042188 0.048148
2 0.780729 0.345833 0.035417 0.093519
2 0.826042 0.383333 0.035417 0.107407
2 0.336719 0.503704 0.066146 0.072222
2 0.578125 0.517593 0.043750 0.057407
2 0.616927 0.515278 0.024479 0.076852
2 0.653385 0.513426 0.044271 0.073148
2 0.692448 0.512963 0.040104 0.057407
2 0.766667 0.500000 0.039583 0.075926
2 0.802344 0.523148 0.048438 0.057407
2 0.820573 0.625463 0.030729 0.063889
