2 0.419010 0.275926 0.041146 0.075926
2 0.619271 0.210185 0.035417 0.055556
2 0.550260 0.293056 0.044271 0.069444
2 0.595833 0.264352 0.032292 0.091667
2 0.640885 0.286574 0.046354 0.067593
2 0.383073 0.300926 0.042188 0.092593
2 0.335677 0.498148 0.050521 0.057407
2 0.428906 0.398148 0.034896 0.064815
2 0.394010 0.403241 0.022396 0.067593
2 0.446875 0.341667 0.033333 0.055556
2 0.470833 0.339815 0.034375 0.048148
2 0.469792 0.394444 0.042708 0.064815
2 0.504948 0.357407 0.038021 0.066667
2 0.513021 0.407870 0.038542 0.065741
2 0.541667 0.362037 0.031250 0.057407
2 0.578646 0.401389 0.040625 0.060185
2 0.618490 0.408333 0.039062 0.064815
2 0.644010 0.407407 0.046354 0.059259
2 0.762500 0.416667 0.039583 0.062963
2 0.712760 0.404167 0.035937 0.069444
2 0.580208 0.514352 0.029167 0.056481
2 0.613021 0.516204 0.032292 0.063889
2 0.644531 0.509259 0.039062 0.064815
2 0.690885 0.516204 0.041146 0.063889
2 0.769271 0.514352 0.036458 0.054630
2 0.814323 0.613889 0.044271 0.070370
0 0.895573 0.912037 0.071354 0.068519
