0 0.888021 0.905093 0.084375 0.067593
2 0.385677 0.293519 0.036979 0.111111
2 0.482292 0.142593 0.061458 0.112963
2 0.412500 0.278704 0.030208 0.070370
2 0.614583 0.206944 0.029167 0.065741
2 0.546875 0.285185 0.039583 0.050000
2 0.595313 0.264352 0.041667 0.087963
2 0.642448 0.293056 0.047396 0.069444
2 0.456250 0.342593 0.025000 0.057407
2 0.481250 0.349537 0.025000 0.050926
2 0.507031 0.347685 0.024479 0.056481
2 0.546354 0.356481 0.034375 0.061111
2 0.579427 0.358333 0.048438 0.053704
2 0.732031 0.327778 0.044271 0.061111
2 0.775781 0.336111 0.023438 0.077778
2 0.402083 0.406019 0.023958 0.062037
2 0.430990 0.398148 0.036979 0.057407
2 0.471875 0.400000 0.040625 0.057407
2 0.525000 0.406481 0.034375 0.053704
2 0.578646 0.406481 0.040625 0.061111
2 0.625000 0.414815 0.030208 0.066667
2 0.651042 0.417593 0.030208 0.072222
2 0.710417 0.409259 0.031250 0.066667
2 0.761719 0.410185 0.043229 0.057407
2 0.338802 0.500926 0.052604 0.074074
2 0.572396 0.515278 0.032292 0.058333
2 0.615365 0.514352 0.034896 0.078704
2 0.642188 0.506944 0.040625 0.089815
2 0.765104 0.515278 0.042708 0.080556
2 0.690885 0.516204 0.041146 0.075000
2 0.810156 0.610185 0.051562 0.087037
