2 0.450781 0.169444 0.076563 0.059259
2 0.617448 0.206019 0.036979 0.071296
2 0.411458 0.285648 0.030208 0.073148
2 0.523177 0.283333 0.024479 0.061111
2 0.557292 0.294907 0.036458 0.065741
2 0.596354 0.265278 0.037500 0.093519
2 0.643750 0.286574 0.033333 0.082407
2 0.835677 0.396759 0.040104 0.069444
2 0.716146 0.397222 0.031250 0.048148
2 0.750521 0.364815 0.027083 0.066667
2 0.367708 0.387963 0.030208 0.059259
2 0.429948 0.398611 0.034896 0.065741
2 0.450521 0.345370 0.026042 0.051852
2 0.478646 0.360185 0.028125 0.079630
2 0.511198 0.355556 0.024479 0.059259
2 0.543750 0.360185 0.031250 0.057407
2 0.582812 0.350926 0.032292 0.050000
2 0.519271 0.414815 0.034375 0.055556
2 0.581771 0.412963 0.038542 0.066667
2 0.620833 0.412963 0.030208 0.062963
2 0.645833 0.410185 0.029167 0.061111
2 0.578646 0.513426 0.040625 0.069444
2 0.615885 0.518056 0.028646 0.075000
2 0.646875 0.517130 0.031250 0.076852
2 0.686458 0.517130 0.038542 0.062037
2 0.764583 0.508796 0.043750 0.082407
2 0.406771 0.471296 0.048958 0.107407
