2 0.392708 0.146296 0.055208 0.116667
2 0.427344 0.305556 0.070312 0.127778
2 0.377865 0.296296 0.044271 0.109259
2 0.612500 0.209722 0.037500 0.067593
2 0.522656 0.281481 0.027604 0.068519
2 0.549479 0.286574 0.034375 0.082407
2 0.596354 0.280093 0.039583 0.080556
2 0.643229 0.291204 0.034375 0.058333
2 0.357292 0.384259 0.029167 0.051852
2 0.404687 0.399074 0.031250 0.055556
2 0.429948 0.398148 0.027604 0.061111
2 0.526302 0.419444 0.022396 0.057407
2 0.507292 0.343519 0.030208 0.062963
2 0.547396 0.370833 0.032292 0.097222
2 0.582292 0.357407 0.033333 0.062963
2 0.585677 0.412963 0.035937 0.051852
2 0.620313 0.414815 0.025000 0.055556
2 0.648177 0.412963 0.030729 0.040741
2 0.766146 0.416667 0.028125 0.044444
2 0.714063 0.401852 0.035417 0.057407
2 0.702604 0.356481 0.030208 0.046296
2 0.754167 0.370833 0.038542 0.067593
2 0.409635 0.472222 0.047396 0.087037
2 0.579167 0.512500 0.041667 0.075000
2 0.612500 0.522222 0.029167 0.070370
2 0.644792 0.508796 0.031250 0.071296
2 0.820052 0.620833 0.049479 0.069444
2 0.767188 0.502778 0.042708 0.074074
