2 0.390625 0.153704 0.048958 0.111111
2 0.617969 0.201852 0.038021 0.059259
2 0.411979 0.275000 0.033333 0.062963
2 0.380729 0.326389 0.035417 0.071296
2 0.523698 0.279630 0.023438 0.050000
2 0.550000 0.276852 0.035417 0.074074
2 0.602604 0.299074 0.030208 0.053704
2 0.645312 0.289815 0.036458 0.051852
2 0.396615 0.397685 0.039062 0.036111
2 0.435937 0.399074 0.022917 0.048148
2 0.477865 0.358333 0.033854 0.107407
2 0.519271 0.399074 0.028125 0.059259
2 0.582812 0.402778 0.032292 0.055556
2 0.623958 0.404630 0.036458 0.053704
2 0.648698 0.412963 0.027604 0.044444
2 0.711198 0.415741 0.049479 0.075926
2 0.758333 0.412037 0.031250 0.061111
2 0.823437 0.392593 0.034375 0.072222
2 0.756510 0.340278 0.027604 0.075000
2 0.399219 0.470370 0.050521 0.105556
2 0.583594 0.514352 0.040104 0.067593
2 0.615104 0.523148 0.028125 0.068519
2 0.649479 0.511574 0.033333 0.091667
2 0.697135 0.518056 0.043229 0.075000
2 0.726562 0.506944 0.031250 0.071296
2 0.774219 0.513426 0.058854 0.065741
2 0.815885 0.620833 0.051562 0.069444
6 0.480729 0.877315 0.088542 0.130556
0 0.866406 0.955093 0.103646 0.089815
6 0.705469 0.854167 0.048438 0.141667
