2 0.363542 0.175463 0.063542 0.075000
2 0.410938 0.275000 0.035417 0.062963
2 0.620833 0.211574 0.036458 0.063889
2 0.541667 0.288426 0.027083 0.086111
2 0.571875 0.281481 0.029167 0.075926
2 0.596354 0.294444 0.022917 0.055556
2 0.651042 0.288426 0.026042 0.086111
2 0.401562 0.401389 0.029167 0.050926
2 0.432031 0.405556 0.023438 0.055556
2 0.473958 0.381019 0.036458 0.095370
2 0.522656 0.400463 0.032813 0.062037
2 0.587760 0.412963 0.024479 0.051852
2 0.626042 0.409259 0.038542 0.066667
2 0.656771 0.405556 0.035417 0.055556
2 0.770833 0.423148 0.027083 0.042593
2 0.756250 0.319907 0.030208 0.095370
2 0.710156 0.394444 0.036979 0.072222
2 0.576562 0.513426 0.034375 0.065741
2 0.612500 0.518056 0.037500 0.071296
2 0.651563 0.509722 0.031250 0.073148
2 0.693490 0.518981 0.040104 0.065741
2 0.818490 0.625000 0.042188 0.055556
2 0.408854 0.472222 0.055208 0.109259
