2 0.413281 0.278704 0.028646 0.090741
2 0.545833 0.269907 0.037500 0.084259
2 0.642969 0.260648 0.046354 0.091667
2 0.403125 0.407870 0.034375 0.041667
2 0.435417 0.399537 0.026042 0.071296
2 0.453125 0.337963 0.029167 0.070370
2 0.478385 0.344907 0.036979 0.069444
2 0.540885 0.344444 0.036979 0.057407
2 0.577604 0.352778 0.028125 0.053704
2 0.623437 0.406019 0.037500 0.062037
2 0.587760 0.406944 0.040104 0.075000
2 0.404687 0.462500 0.037500 0.097222
2 0.327083 0.484722 0.033333 0.052778
2 0.822656 0.396759 0.035937 0.087963
2 0.714063 0.375463 0.059375 0.080556
2 0.769010 0.417593 0.052604 0.053704
2 0.753125 0.322685 0.032292 0.089815
2 0.581250 0.513426 0.033333 0.080556
2 0.616406 0.514352 0.034896 0.071296
2 0.654167 0.512037 0.036458 0.059259
2 0.762240 0.518056 0.042188 0.071296
2 0.809375 0.618981 0.054167 0.073148
2 0.372917 0.295833 0.030208 0.082407
