2 0.380990 0.292130 0.026562 0.108333
2 0.408854 0.274074 0.041667 0.100000
2 0.617448 0.209722 0.029687 0.071296
2 0.541927 0.256019 0.041146 0.082407
2 0.639062 0.260648 0.034375 0.095370
2 0.592708 0.297222 0.028125 0.061111
2 0.414844 0.470370 0.041146 0.094444
2 0.398177 0.401852 0.024479 0.057407
2 0.434375 0.397222 0.038542 0.059259
2 0.456250 0.344444 0.027083 0.057407
2 0.478385 0.352778 0.025521 0.061111
2 0.507552 0.355556 0.021354 0.066667
2 0.543750 0.353241 0.033333 0.071296
2 0.585677 0.354630 0.030729 0.061111
2 0.583333 0.411111 0.035417 0.055556
2 0.625781 0.404167 0.046354 0.073148
2 0.713281 0.381944 0.041146 0.086111
2 0.751042 0.335648 0.028125 0.084259
2 0.765104 0.423611 0.062500 0.073148
2 0.586719 0.520833 0.046354 0.073148
2 0.610417 0.511574 0.029167 0.062037
2 0.645833 0.511574 0.033333 0.073148
2 0.762240 0.517130 0.040104 0.049074
2 0.328125 0.501852 0.057292 0.075926
