2 0.410677 0.174537 0.053646 0.073148
2 0.413281 0.279630 0.040104 0.072222
2 0.446094 0.277778 0.032813 0.075926
2 0.479687 0.275926 0.028125 0.064815
2 0.529687 0.286111 0.027083 0.066667
2 0.571354 0.281019 0.032292 0.089815
2 0.600000 0.296296 0.034375 0.051852
2 0.644271 0.303704 0.032292 0.066667
2 0.718750 0.283796 0.042708 0.084259
2 0.770573 0.303704 0.039062 0.077778
2 0.360417 0.390741 0.039583 0.046296
2 0.328646 0.496296 0.034375 0.072222
2 0.432812 0.400000 0.025000 0.050000
2 0.448958 0.347685 0.025000 0.054630
2 0.474479 0.350926 0.027083 0.061111
2 0.505990 0.354630 0.038021 0.064815
2 0.546354 0.350463 0.032292 0.065741
2 0.580729 0.356481 0.038542 0.057407
2 0.535156 0.402315 0.042188 0.065741
2 0.586198 0.405093 0.041146 0.060185
2 0.621094 0.406944 0.040104 0.075000
2 0.714323 0.408333 0.045312 0.064815
2 0.762240 0.406019 0.046354 0.076852
2 0.401562 0.507407 0.027083 0.053704
2 0.480208 0.506481 0.037500 0.070370
2 0.516146 0.495833 0.030208 0.084259
2 0.583594 0.517130 0.026562 0.065741
2 0.615885 0.518056 0.038021 0.075000
2 0.638542 0.516667 0.031250 0.055556
2 0.681510 0.482870 0.044271 0.069444
2 0.712240 0.518519 0.023438 0.048148
2 0.742448 0.482870 0.053646 0.102778
