2 0.410156 0.179167 0.048438 0.067593
2 0.406250 0.284722 0.032292 0.078704
2 0.445573 0.285648 0.030729 0.087963
2 0.481250 0.277778 0.035417 0.068519
2 0.522656 0.277778 0.032813 0.061111
2 0.550260 0.293056 0.048438 0.052778
2 0.601042 0.287500 0.032292 0.080556
2 0.632031 0.305556 0.040104 0.070370
2 0.722396 0.268981 0.035417 0.097222
2 0.762500 0.300463 0.029167 0.076852
2 0.449479 0.350000 0.026042 0.051852
2 0.477083 0.347685 0.031250 0.067593
2 0.505990 0.352778 0.026562 0.064815
2 0.551302 0.353704 0.024479 0.055556
2 0.577083 0.353704 0.031250 0.051852
2 0.433594 0.396759 0.040104 0.080556
2 0.531771 0.406019 0.037500 0.076852
2 0.573438 0.406481 0.060417 0.057407
2 0.621875 0.405093 0.036458 0.071296
2 0.719271 0.416667 0.048958 0.074074
2 0.825521 0.412037 0.032292 0.064815
2 0.762240 0.412963 0.040104 0.066667
2 0.329688 0.495833 0.036458 0.084259
2 0.399219 0.510185 0.046354 0.062963
2 0.474219 0.514352 0.039062 0.054630
2 0.521615 0.510648 0.034896 0.078704
2 0.580208 0.518056 0.033333 0.067593
2 0.613542 0.517130 0.035417 0.076852
2 0.675781 0.483796 0.039062 0.097222
2 0.707292 0.513889 0.027083 0.055556
2 0.742448 0.498148 0.032813 0.103704
