0 0.152865 0.485648 0.045312 0.139815
0 0.204167 0.462500 0.051042 0.182407
0 0.239323 0.487500 0.114062 0.125000
0 0.255469 0.531019 0.109896 0.080556
0 0.261458 0.605556 0.132292 0.068519
0 0.268750 0.681944 0.097917 0.099074
0 0.197656 0.717593 0.074479 0.127778
6 0.171094 0.831019 0.047396 0.199074
6 0.295312 0.828704 0.060417 0.162963
1 0.465625 0.360185 0.084375 0.111111
1 0.492969 0.460648 0.076563 0.158333
1 0.510677 0.789815 0.114062 0.112963
0 0.744531 0.453241 0.051562 0.189815
0 0.700521 0.526852 0.098958 0.088889
0 0.718750 0.671759 0.054167 0.204630
0 0.814583 0.488426 0.088542 0.102778
0 0.493490 0.919444 0.090104 0.107407
5 0.834115 0.768981 0.053646 0.147222
6 0.580208 0.297222 0.093750 0.103704
5 0.924219 0.793056 0.074479 0.084259
5 0.935156 0.934722 0.043229 0.123148
5 0.982812 0.906019 0.032292 0.126852
