4 0.231510 0.548148 0.075521 0.103704
0 0.269531 0.656019 0.101562 0.089815
0 0.163802 0.725926 0.041146 0.153704
6 0.388542 0.181019 0.059375 0.158333
1 0.500000 0.471296 0.110417 0.079630
0 0.721615 0.456019 0.074479 0.187963
0 0.790625 0.675463 0.061458 0.093519
1 0.454948 0.761574 0.105729 0.067593
1 0.496615 0.819907 0.083854 0.080556
6 0.669010 0.726852 0.079687 0.216667
6 0.729427 0.253704 0.131771 0.112963
6 0.826042 0.184722 0.061458 0.097222
6 0.588542 0.147685 0.122917 0.134259
6 0.897656 0.219444 0.051562 0.127778
5 0.134375 0.881944 0.065625 0.075000
