2 0.403906 0.172222 0.045312 0.096296
2 0.407292 0.283796 0.034375 0.076852
2 0.443490 0.276852 0.040104 0.066667
2 0.480469 0.271296 0.039062 0.055556
2 0.524740 0.282407 0.025521 0.059259
2 0.558333 0.288889 0.032292 0.061111
2 0.592187 0.298148 0.033333 0.051852
2 0.633594 0.300000 0.045312 0.062963
2 0.719271 0.257870 0.027083 0.089815
2 0.763542 0.304630 0.025000 0.061111
2 0.404167 0.411111 0.036458 0.062963
2 0.439583 0.405093 0.042708 0.060185
2 0.448958 0.350463 0.033333 0.049074
2 0.478646 0.355556 0.028125 0.070370
2 0.504948 0.353704 0.024479 0.066667
2 0.544792 0.350000 0.027083 0.051852
2 0.578125 0.359259 0.037500 0.055556
2 0.824219 0.421296 0.049479 0.053704
2 0.766667 0.403241 0.025000 0.050926
2 0.713802 0.409259 0.040104 0.051852
2 0.606510 0.403241 0.081771 0.078704
2 0.538281 0.395833 0.035937 0.075000
2 0.330469 0.501852 0.046354 0.068519
2 0.401823 0.487500 0.039062 0.086111
2 0.480469 0.513426 0.047396 0.076852
2 0.520312 0.506481 0.030208 0.059259
2 0.576562 0.516204 0.032292 0.071296
2 0.611458 0.517593 0.025000 0.057407
2 0.634635 0.512963 0.023438 0.053704
2 0.711979 0.519444 0.031250 0.050000
2 0.682031 0.486574 0.049479 0.076852
