2 0.401823 0.198611 0.045312 0.086111
2 0.407292 0.277778 0.026042 0.057407
2 0.443490 0.272685 0.042188 0.075000
2 0.484896 0.275000 0.032292 0.077778
2 0.524740 0.280556 0.027604 0.070370
2 0.552604 0.300000 0.034375 0.059259
2 0.570312 0.270370 0.031250 0.064815
2 0.597396 0.300000 0.031250 0.062963
2 0.633594 0.302778 0.034896 0.061111
2 0.715104 0.290278 0.035417 0.063889
2 0.769792 0.304630 0.025000 0.061111
2 0.805469 0.131019 0.042188 0.082407
2 0.447917 0.349537 0.029167 0.043519
2 0.472396 0.350926 0.027083 0.050000
2 0.503646 0.357407 0.035417 0.051852
2 0.545833 0.348611 0.039583 0.041667
2 0.583854 0.360185 0.030208 0.046296
2 0.824740 0.419444 0.042188 0.057407
2 0.764062 0.412963 0.038542 0.059259
2 0.713542 0.409259 0.032292 0.055556
2 0.624479 0.403241 0.029167 0.063889
2 0.582552 0.406481 0.040104 0.061111
2 0.533854 0.398611 0.039583 0.069444
2 0.431771 0.397222 0.031250 0.062963
2 0.329427 0.502778 0.046354 0.059259
2 0.398177 0.483796 0.052604 0.089815
2 0.475781 0.507407 0.035937 0.050000
2 0.511979 0.516204 0.036458 0.063889
2 0.573958 0.514352 0.033333 0.054630
2 0.611458 0.520370 0.033333 0.059259
2 0.636979 0.518519 0.026042 0.055556
2 0.678385 0.492593 0.046354 0.107407
2 0.714063 0.515741 0.029167 0.053704
2 0.741927 0.500000 0.038021 0.111111
