2 0.402344 0.194444 0.042188 0.081481
2 0.406771 0.280093 0.031250 0.080556
2 0.806250 0.143056 0.030208 0.075000
2 0.769271 0.305556 0.030208 0.059259
2 0.721875 0.293056 0.034375 0.069444
2 0.642969 0.300000 0.042188 0.070370
2 0.597917 0.307407 0.032292 0.062963
2 0.565104 0.289352 0.041667 0.084259
2 0.527604 0.282407 0.033333 0.066667
2 0.483854 0.285185 0.021875 0.064815
2 0.443490 0.275926 0.040104 0.072222
2 0.447396 0.347685 0.028125 0.050926
2 0.473438 0.348611 0.027083 0.062037
2 0.502083 0.357407 0.036458 0.062963
2 0.543750 0.353704 0.022917 0.055556
2 0.577083 0.351389 0.029167 0.043519
2 0.400521 0.411574 0.035417 0.073148
2 0.432292 0.398148 0.032292 0.057407
2 0.491406 0.412037 0.023438 0.038889
2 0.528385 0.398611 0.042188 0.073148
2 0.579167 0.404167 0.041667 0.058333
2 0.623958 0.407407 0.038542 0.062963
2 0.713021 0.414815 0.031250 0.066667
2 0.765625 0.412037 0.033333 0.064815
2 0.823698 0.419444 0.044271 0.053704
2 0.335677 0.505556 0.048438 0.068519
2 0.398177 0.510648 0.044271 0.075000
2 0.477344 0.512500 0.039062 0.060185
2 0.512760 0.509722 0.041146 0.069444
2 0.575781 0.498148 0.042188 0.100000
2 0.610938 0.515278 0.028125 0.058333
2 0.638021 0.515741 0.034375 0.053704
2 0.674479 0.514352 0.052083 0.086111
2 0.705469 0.511574 0.048438 0.076852
2 0.740885 0.506481 0.050521 0.112963
0 0.567969 0.720833 0.073438 0.086111
5 0.875521 0.920370 0.106250 0.094444
