2 0.400781 0.198148 0.041146 0.098148
2 0.405208 0.274074 0.044792 0.072222
2 0.446094 0.273611 0.041146 0.076852
2 0.481250 0.279630 0.035417 0.064815
2 0.524479 0.283333 0.031250 0.064815
2 0.550000 0.292130 0.029167 0.056481
2 0.572656 0.284259 0.020313 0.070370
2 0.599479 0.300926 0.029167 0.053704
2 0.636979 0.300463 0.034375 0.076852
2 0.719792 0.295833 0.028125 0.075000
2 0.766667 0.301852 0.027083 0.066667
2 0.449479 0.349074 0.023958 0.057407
2 0.475000 0.348611 0.030208 0.052778
2 0.507552 0.352315 0.027604 0.065741
2 0.534896 0.391204 0.039583 0.080556
2 0.579688 0.353704 0.032292 0.051852
2 0.583594 0.405556 0.046354 0.059259
2 0.625521 0.409259 0.035417 0.062963
2 0.712760 0.409259 0.038021 0.051852
2 0.764062 0.409259 0.032292 0.051852
2 0.825000 0.418519 0.037500 0.055556
2 0.432552 0.395370 0.040104 0.055556
2 0.400000 0.418981 0.030208 0.086111
2 0.333073 0.499074 0.043229 0.062963
2 0.397135 0.507407 0.040104 0.057407
2 0.480208 0.509259 0.033333 0.061111
2 0.514062 0.512500 0.042708 0.060185
2 0.582292 0.506019 0.037500 0.076852
2 0.615625 0.519444 0.029167 0.053704
2 0.643229 0.525000 0.026042 0.064815
2 0.682813 0.518056 0.031250 0.063889
2 0.715104 0.525000 0.037500 0.050000
2 0.744531 0.493519 0.045312 0.109259
