0 0.880469 0.953241 0.083854 0.093519
2 0.403906 0.201389 0.045312 0.076852
2 0.408854 0.275926 0.037500 0.061111
2 0.448177 0.267593 0.047396 0.059259
2 0.484896 0.268056 0.047917 0.069444
2 0.527604 0.280556 0.035417 0.059259
2 0.560677 0.280556 0.044271 0.070370
2 0.598958 0.302778 0.028125 0.050000
2 0.614062 0.251389 0.032292 0.084259
2 0.640625 0.300926 0.035417 0.050000
2 0.718229 0.295833 0.033333 0.071296
2 0.763542 0.293981 0.031250 0.071296
2 0.452604 0.350926 0.030208 0.050000
2 0.476302 0.350926 0.034896 0.053704
2 0.504948 0.347222 0.042188 0.055556
2 0.544792 0.350926 0.037500 0.057407
2 0.579167 0.351852 0.033333 0.055556
2 0.396615 0.408796 0.023438 0.067593
2 0.432812 0.402315 0.031250 0.058333
2 0.486458 0.408796 0.027083 0.039815
2 0.531771 0.406481 0.037500 0.061111
2 0.577865 0.402315 0.046354 0.049074
2 0.617969 0.406481 0.046354 0.053704
2 0.713021 0.414815 0.035417 0.066667
2 0.763542 0.412963 0.037500 0.059259
2 0.824479 0.417593 0.036458 0.050000
2 0.334635 0.501389 0.044271 0.082407
2 0.404687 0.502315 0.033333 0.084259
2 0.483854 0.498611 0.040625 0.086111
2 0.514583 0.507870 0.035417 0.069444
2 0.579167 0.508796 0.043750 0.082407
2 0.608854 0.514352 0.036458 0.071296
2 0.635417 0.514815 0.027083 0.055556
2 0.678385 0.519444 0.044271 0.064815
2 0.714583 0.520833 0.056250 0.069444
2 0.746875 0.491667 0.036458 0.109259
