2 0.405208 0.202315 0.044792 0.082407
2 0.408854 0.278704 0.029167 0.066667
2 0.447656 0.268981 0.054688 0.075000
2 0.486458 0.280556 0.033333 0.070370
2 0.517188 0.283333 0.036458 0.072222
2 0.548438 0.292130 0.030208 0.060185
2 0.573177 0.283796 0.023438 0.076852
2 0.600000 0.300000 0.028125 0.051852
2 0.616406 0.283333 0.021354 0.072222
2 0.640625 0.300926 0.037500 0.057407
2 0.717187 0.298611 0.031250 0.069444
2 0.765104 0.298611 0.026042 0.073148
2 0.428385 0.400926 0.033854 0.055556
2 0.448437 0.351852 0.026042 0.062963
2 0.473698 0.351852 0.038021 0.051852
2 0.504687 0.353704 0.031250 0.055556
2 0.544792 0.354630 0.033333 0.057407
2 0.487500 0.426389 0.031250 0.067593
2 0.531771 0.404167 0.035417 0.065741
2 0.579688 0.402315 0.036458 0.065741
2 0.617969 0.406944 0.044271 0.063889
2 0.718229 0.412963 0.041667 0.059259
2 0.765625 0.406019 0.037500 0.069444
2 0.825260 0.414815 0.041146 0.044444
2 0.743490 0.482407 0.034896 0.114815
2 0.335156 0.503704 0.039062 0.068519
2 0.402604 0.489352 0.029167 0.093519
2 0.478906 0.505093 0.040104 0.075000
2 0.514062 0.510185 0.032292 0.059259
2 0.578125 0.502315 0.037500 0.084259
2 0.614583 0.519907 0.029167 0.067593
2 0.639583 0.517593 0.020833 0.057407
2 0.677865 0.517593 0.036979 0.057407
2 0.707812 0.522685 0.026042 0.076852
