2 0.402344 0.196296 0.044271 0.070370
2 0.410417 0.280556 0.038542 0.066667
2 0.443490 0.274074 0.035937 0.068519
2 0.480208 0.277778 0.037500 0.061111
2 0.524479 0.279630 0.033333 0.068519
2 0.553385 0.296296 0.033854 0.062963
2 0.595313 0.299074 0.027083 0.053704
2 0.635417 0.300926 0.031250 0.057407
2 0.716146 0.297685 0.033333 0.071296
2 0.763542 0.301389 0.035417 0.075000
2 0.400521 0.412963 0.031250 0.070370
2 0.431250 0.402315 0.028125 0.058333
2 0.450000 0.351852 0.027083 0.048148
2 0.475260 0.351852 0.027604 0.059259
2 0.503125 0.355556 0.032292 0.062963
2 0.545312 0.352315 0.030208 0.045370
2 0.536979 0.402778 0.033333 0.055556
2 0.584635 0.404167 0.042188 0.065741
2 0.626563 0.406481 0.035417 0.057407
2 0.715104 0.406481 0.037500 0.057407
2 0.765625 0.410185 0.037500 0.068519
2 0.332031 0.498148 0.039062 0.064815
2 0.405208 0.496296 0.036458 0.072222
2 0.479427 0.499074 0.036979 0.074074
2 0.517188 0.515741 0.036458 0.053704
2 0.579167 0.516204 0.033333 0.082407
2 0.613021 0.516204 0.030208 0.063889
2 0.639062 0.515278 0.028125 0.058333
2 0.677344 0.514352 0.040104 0.060185
2 0.714063 0.521296 0.025000 0.046296
2 0.746615 0.489352 0.041146 0.089815
2 0.830469 0.418519 0.050521 0.059259
0 0.885417 0.956019 0.057292 0.087963
5 0.259635 0.761111 0.045312 0.109259
5 0.573438 0.707870 0.066667 0.097222
