5 0.266146 0.772222 0.054167 0.107407
0 0.964062 0.950000 0.037500 0.100000
2 0.403385 0.197685 0.044271 0.076852
2 0.407812 0.278704 0.033333 0.070370
2 0.445052 0.270833 0.047396 0.071296
2 0.485937 0.275000 0.032292 0.059259
2 0.523958 0.281481 0.030208 0.061111
2 0.556771 0.293981 0.031250 0.050926
2 0.570573 0.287963 0.033854 0.062963
2 0.596094 0.298148 0.045312 0.048148
2 0.639062 0.300000 0.028125 0.048148
2 0.719271 0.299074 0.022917 0.061111
2 0.760417 0.304630 0.031250 0.057407
2 0.339583 0.503241 0.058333 0.078704
2 0.434375 0.403241 0.034375 0.060185
2 0.450000 0.351852 0.029167 0.051852
2 0.504948 0.353241 0.038021 0.075000
2 0.543229 0.352778 0.034375 0.057407
2 0.398698 0.508333 0.029687 0.062963
2 0.482552 0.505093 0.043229 0.078704
2 0.519271 0.514815 0.032292 0.055556
2 0.583073 0.508796 0.047396 0.075000
2 0.619531 0.514352 0.023438 0.056481
2 0.645833 0.521296 0.029167 0.064815
2 0.687500 0.520833 0.038542 0.073148
2 0.709635 0.518519 0.026562 0.055556
2 0.750521 0.492593 0.033333 0.107407
2 0.710677 0.405556 0.030729 0.055556
2 0.766667 0.412037 0.043750 0.064815
2 0.824219 0.422222 0.039062 0.059259
2 0.627083 0.403704 0.028125 0.055556
2 0.583854 0.404167 0.032292 0.065741
