2 0.406250 0.196296 0.040625 0.062963
2 0.409375 0.276852 0.036458 0.070370
2 0.448698 0.270370 0.040104 0.068519
2 0.481250 0.278704 0.035417 0.070370
2 0.527604 0.289815 0.033333 0.059259
2 0.551562 0.294444 0.030208 0.051852
2 0.572396 0.290278 0.030208 0.082407
2 0.597917 0.301852 0.032292 0.048148
2 0.642188 0.301852 0.040625 0.059259
2 0.714063 0.291204 0.033333 0.062037
2 0.763542 0.302778 0.039583 0.072222
2 0.364323 0.393519 0.047396 0.066667
2 0.431250 0.399537 0.028125 0.067593
2 0.452083 0.347685 0.022917 0.036111
2 0.480990 0.354630 0.020313 0.061111
2 0.506250 0.357407 0.032292 0.062963
2 0.545312 0.359259 0.030208 0.055556
2 0.537240 0.398148 0.052604 0.046296
2 0.586458 0.406481 0.032292 0.053704
2 0.626563 0.412963 0.037500 0.055556
2 0.713281 0.412037 0.047396 0.057407
2 0.762500 0.414815 0.037500 0.062963
2 0.828125 0.424074 0.045833 0.051852
2 0.335156 0.493519 0.051562 0.055556
2 0.396094 0.496296 0.035937 0.068519
2 0.480469 0.510648 0.039062 0.067593
2 0.520052 0.510648 0.038021 0.063889
2 0.578646 0.510648 0.030208 0.067593
2 0.611458 0.515278 0.033333 0.069444
2 0.640104 0.512500 0.028125 0.060185
2 0.681510 0.513426 0.038021 0.062037
2 0.711198 0.516204 0.032813 0.063889
2 0.745833 0.508796 0.038542 0.067593
6 0.657813 0.772685 0.071875 0.136111
0 0.898177 0.961574 0.064062 0.065741
