2 0.401302 0.205093 0.054688 0.087963
2 0.413281 0.277778 0.035937 0.072222
2 0.448698 0.273148 0.038021 0.070370
2 0.482812 0.279630 0.028125 0.068519
2 0.524740 0.284259 0.023438 0.070370
2 0.553125 0.291204 0.029167 0.045370
2 0.575781 0.286574 0.018229 0.067593
2 0.601042 0.300000 0.030208 0.059259
2 0.640104 0.298148 0.034375 0.051852
2 0.722396 0.298148 0.029167 0.055556
2 0.766146 0.293981 0.040625 0.060185
2 0.400781 0.414815 0.025521 0.059259
2 0.429948 0.402778 0.025521 0.055556
2 0.445312 0.343519 0.031250 0.059259
2 0.473958 0.348148 0.036458 0.055556
2 0.510938 0.352315 0.030208 0.065741
2 0.545833 0.354630 0.035417 0.057407
2 0.533333 0.400926 0.034375 0.059259
2 0.583073 0.400000 0.039062 0.053704
2 0.625521 0.402315 0.035417 0.065741
2 0.713021 0.409259 0.035417 0.044444
2 0.764062 0.408333 0.042708 0.057407
2 0.823698 0.411111 0.046354 0.059259
2 0.330208 0.506481 0.061458 0.066667
2 0.400781 0.502315 0.036979 0.084259
2 0.478906 0.487500 0.042188 0.086111
2 0.521094 0.508333 0.035937 0.055556
2 0.578125 0.514352 0.031250 0.056481
2 0.610417 0.511574 0.039583 0.069444
2 0.640104 0.513426 0.028125 0.076852
2 0.679427 0.522685 0.038021 0.073148
2 0.714583 0.525926 0.026042 0.062963
2 0.742969 0.517130 0.028646 0.065741
