2 0.283333 0.181481 0.054167 0.166667
2 0.354687 0.182870 0.060417 0.212037
2 0.480729 0.153241 0.118750 0.291667
2 0.574479 0.156019 0.058333 0.197222
2 0.678906 0.111111 0.059896 0.207407
2 0.742969 0.148148 0.056771 0.227778
2 0.197135 0.777778 0.043229 0.187037
2 0.079687 0.775926 0.068750 0.150000
2 0.358333 0.696296 0.073958 0.224074
2 0.357812 0.839815 0.075000 0.120370
2 0.488021 0.650463 0.088542 0.258333
2 0.566667 0.670370 0.056250 0.229630
2 0.457292 0.885185 0.069792 0.168519
2 0.668229 0.722222 0.060417 0.248148
2 0.160417 0.269444 0.038542 0.216667
2 0.104427 0.227778 0.043229 0.183333
2 0.791406 0.726852 0.056771 0.216667
2 0.850781 0.821759 0.054688 0.195370
2 0.911719 0.725463 0.088021 0.200926
