4 0.199740 0.522685 0.104688 0.084259
0 0.168490 0.729630 0.044271 0.161111
5 0.146615 0.874537 0.079687 0.078704
6 0.386979 0.165741 0.058333 0.151852
6 0.901042 0.219907 0.036458 0.134259
1 0.478125 0.506481 0.065625 0.109259
1 0.442969 0.681944 0.099479 0.106481
1 0.493750 0.799074 0.094792 0.096296
6 0.525521 0.931481 0.095833 0.111111
0 0.796875 0.432407 0.048958 0.170370
0 0.724219 0.457870 0.120313 0.130556
6 0.841667 0.205093 0.062500 0.141667
6 0.339323 0.588889 0.118229 0.101852
6 0.666667 0.681944 0.067708 0.213889
6 0.697135 0.785648 0.055729 0.199074
