5 0.394010 0.413426 0.076563 0.134259
6 0.612500 0.484722 0.100000 0.087963
5 0.879167 0.328704 0.086458 0.109259
0 0.764583 0.447222 0.055208 0.174074
0 0.755990 0.708796 0.040104 0.156481
6 0.584115 0.653241 0.088021 0.112037
0 0.202604 0.464352 0.054167 0.200926
6 0.920312 0.916667 0.060417 0.112963
6 0.239844 0.157407 0.068229 0.061111
1 0.463802 0.567130 0.046354 0.126852
1 0.464323 0.737500 0.075521 0.102778
1 0.496094 0.675463 0.074479 0.136111
1 0.489323 0.865741 0.085938 0.100000
1 0.490885 0.941667 0.096354 0.074074
