5 0.386979 0.405093 0.088542 0.139815
0 0.192448 0.484722 0.068229 0.156481
0 0.257552 0.526852 0.095312 0.125926
0 0.215104 0.720370 0.102083 0.133333
0 0.750521 0.456944 0.059375 0.193519
0 0.731250 0.706944 0.087500 0.173148
1 0.469792 0.491667 0.042708 0.162963
1 0.460677 0.626389 0.054688 0.141667
1 0.452083 0.800000 0.053125 0.120370
1 0.479948 0.909259 0.080729 0.155556
6 0.497917 0.310185 0.038542 0.214815
6 0.920833 0.904630 0.065625 0.111111
6 0.554427 0.700000 0.060937 0.151852
6 0.700781 0.883333 0.078646 0.125926
