0 0.189583 0.471296 0.068750 0.137037
0 0.243750 0.521296 0.122917 0.107407
0 0.248958 0.652315 0.080208 0.125000
0 0.205729 0.729630 0.066667 0.179630
0 0.753385 0.455093 0.053646 0.208333
0 0.734375 0.705093 0.067708 0.134259
1 0.480990 0.556944 0.046354 0.197222
6 0.530729 0.650463 0.065625 0.178704
1 0.464062 0.801389 0.057292 0.147222
6 0.616927 0.225000 0.084896 0.094444
6 0.962760 0.717593 0.050521 0.170370
6 0.917969 0.921296 0.073438 0.107407
6 0.430469 0.326852 0.100521 0.120370
6 0.364063 0.702315 0.096875 0.093519
