0 0.175521 0.482407 0.088542 0.107407
0 0.241146 0.513426 0.122917 0.084259
0 0.234896 0.661111 0.072917 0.183333
0 0.200781 0.734722 0.044271 0.182407
0 0.732031 0.437037 0.082812 0.179630
1 0.477865 0.547222 0.050521 0.177778
1 0.485417 0.862037 0.065625 0.114815
6 0.919271 0.359259 0.052083 0.101852
6 0.938802 0.701389 0.079687 0.091667
6 0.879427 0.772222 0.041146 0.157407
6 0.917448 0.917593 0.074479 0.068519
6 0.576562 0.539352 0.094792 0.147222
6 0.571875 0.692593 0.093750 0.112963
6 0.615365 0.932870 0.097396 0.087963
6 0.447135 0.752778 0.071354 0.125926
