2 0.357812 0.209722 0.096875 0.219444
2 0.653385 0.161574 0.072396 0.204630
2 0.731771 0.131019 0.096875 0.250926
2 0.093750 0.804630 0.082292 0.229630
2 0.178906 0.775926 0.081771 0.211111
2 0.247656 0.770370 0.047396 0.279630
2 0.397396 0.707870 0.155208 0.273148
2 0.503906 0.666667 0.074479 0.248148
2 0.623958 0.668519 0.096875 0.240741
2 0.765625 0.524537 0.089583 0.302778
2 0.955469 0.622685 0.078646 0.226852
2 0.338802 0.894907 0.070312 0.141667
2 0.425000 0.827778 0.091667 0.153704
2 0.432031 0.906944 0.071354 0.143519
2 0.499479 0.872685 0.057292 0.136111
2 0.555469 0.852315 0.058854 0.184259
2 0.612500 0.839815 0.059375 0.166667
2 0.645573 0.888889 0.055729 0.200000
2 0.704167 0.870370 0.073958 0.162963
2 0.752865 0.801852 0.050521 0.162963
2 0.794010 0.838426 0.043229 0.189815
2 0.836719 0.623611 0.068229 0.250926
2 0.848698 0.784259 0.080729 0.170370
