2 0.368490 0.212500 0.085938 0.237963
2 0.657813 0.155093 0.053125 0.271296
2 0.741406 0.135185 0.067187 0.270370
2 0.214583 0.206019 0.118750 0.147222
2 0.103385 0.774074 0.051562 0.129630
2 0.186979 0.791204 0.100000 0.152778
2 0.248958 0.796759 0.056250 0.199074
2 0.410156 0.696296 0.145313 0.246296
2 0.339323 0.880093 0.085938 0.182407
2 0.415625 0.844907 0.061458 0.173148
2 0.433333 0.913889 0.068750 0.153704
2 0.511458 0.692593 0.091667 0.259259
2 0.500521 0.881481 0.063542 0.168519
2 0.559115 0.865741 0.077604 0.153704
2 0.633073 0.687037 0.060937 0.209259
2 0.648698 0.874537 0.061979 0.178704
2 0.696354 0.861111 0.060417 0.159259
2 0.770312 0.517130 0.094792 0.313889
2 0.722917 0.630556 0.066667 0.287037
2 0.753125 0.788426 0.068750 0.186111
2 0.791927 0.841204 0.055729 0.145370
2 0.828125 0.628241 0.067708 0.245370
2 0.850781 0.786111 0.076563 0.162963
2 0.947396 0.626389 0.066667 0.234259
