2 0.207031 0.196759 0.101562 0.197222
2 0.355729 0.214815 0.094792 0.264815
2 0.649740 0.159722 0.071354 0.247222
2 0.745313 0.141667 0.091667 0.275926
2 0.109375 0.773148 0.063542 0.151852
2 0.169271 0.801389 0.098958 0.193519
2 0.246094 0.779630 0.076563 0.261111
2 0.415365 0.680093 0.113021 0.313889
2 0.505990 0.678241 0.089063 0.217593
2 0.340625 0.883333 0.064583 0.207407
2 0.433594 0.851389 0.046354 0.150926
2 0.426302 0.906481 0.078646 0.161111
2 0.503646 0.870833 0.059375 0.178704
2 0.644010 0.681019 0.052604 0.232407
2 0.769010 0.518056 0.082812 0.308333
2 0.561458 0.859259 0.062500 0.162963
2 0.707292 0.698148 0.061458 0.259259
2 0.611979 0.818981 0.054167 0.193519
2 0.649219 0.885185 0.038021 0.168519
2 0.694531 0.858796 0.058854 0.143519
2 0.750521 0.784722 0.048958 0.186111
2 0.789323 0.826852 0.048438 0.162963
2 0.830729 0.622685 0.062500 0.256481
2 0.846875 0.800000 0.060417 0.181481
2 0.946354 0.640741 0.060417 0.246296
