2 0.366927 0.498148 0.066146 0.157407
2 0.373177 0.215278 0.106771 0.262037
2 0.649740 0.174537 0.075521 0.237963
2 0.731250 0.133333 0.128125 0.262963
2 0.107812 0.779630 0.054167 0.153704
2 0.175260 0.791204 0.074479 0.169444
2 0.253385 0.774074 0.081771 0.261111
2 0.391146 0.710648 0.153125 0.237963
2 0.510156 0.687037 0.072396 0.231481
2 0.420312 0.902778 0.068750 0.166667
2 0.550000 0.861111 0.055208 0.159259
2 0.641667 0.668519 0.081250 0.240741
2 0.721875 0.656019 0.054167 0.254630
2 0.605208 0.806481 0.063542 0.172222
2 0.653125 0.881481 0.058333 0.157407
2 0.704167 0.877315 0.043750 0.176852
2 0.484375 0.894444 0.048958 0.161111
2 0.748958 0.798611 0.066667 0.195370
2 0.799740 0.837037 0.047396 0.161111
2 0.846094 0.644444 0.051562 0.231481
2 0.773698 0.510648 0.092188 0.300926
2 0.851042 0.815278 0.062500 0.147222
2 0.933854 0.636111 0.067708 0.211111
2 0.211719 0.210648 0.113021 0.160185
