2 0.211719 0.195370 0.070312 0.211111
2 0.102865 0.781481 0.048438 0.153704
2 0.177083 0.799074 0.063542 0.229630
2 0.311719 0.161111 0.048438 0.218519
2 0.366927 0.199074 0.086979 0.283333
2 0.646094 0.165741 0.044271 0.255556
2 0.735156 0.147685 0.079687 0.295370
2 0.293750 0.694444 0.097917 0.288889
2 0.350260 0.896759 0.059896 0.184259
2 0.433594 0.721296 0.084896 0.192593
2 0.505208 0.706944 0.064583 0.237963
2 0.638542 0.678241 0.059375 0.252778
2 0.724219 0.669444 0.057812 0.209259
2 0.768229 0.511111 0.088542 0.272222
2 0.835156 0.649537 0.051562 0.206481
2 0.945052 0.628704 0.063021 0.222222
2 0.848698 0.786574 0.048438 0.150926
2 0.782292 0.829630 0.036458 0.164815
2 0.644271 0.874537 0.070833 0.167593
2 0.692969 0.797685 0.083854 0.247222
2 0.566667 0.860185 0.062500 0.150000
2 0.504948 0.885185 0.046354 0.168519
2 0.432812 0.890741 0.065625 0.179630
2 0.245573 0.787963 0.055729 0.227778
