2 0.096875 0.777778 0.056250 0.142593
2 0.179948 0.816204 0.061979 0.199074
2 0.257552 0.780093 0.081771 0.195370
2 0.339583 0.880556 0.068750 0.177778
2 0.426823 0.886111 0.073438 0.177778
2 0.495052 0.883333 0.054688 0.122222
2 0.526042 0.701389 0.088542 0.263889
2 0.562240 0.853704 0.077604 0.159259
2 0.582552 0.958796 0.040104 0.071296
2 0.627604 0.681481 0.061458 0.224074
2 0.649219 0.153241 0.058854 0.263889
2 0.764844 0.514352 0.109896 0.300926
2 0.713281 0.660185 0.071354 0.227778
2 0.826042 0.649537 0.085417 0.202778
2 0.941146 0.622685 0.057292 0.230556
2 0.633594 0.874537 0.071354 0.171296
2 0.710417 0.812037 0.061458 0.153704
2 0.755208 0.763426 0.066667 0.186111
2 0.792448 0.837037 0.044271 0.168519
2 0.313542 0.150926 0.056250 0.218519
2 0.369531 0.152315 0.069271 0.178704
2 0.763542 0.134259 0.134375 0.203704
