2 0.373698 0.215741 0.079687 0.274074
2 0.758594 0.160648 0.059896 0.237963
2 0.100000 0.809259 0.060417 0.205556
2 0.179427 0.800000 0.052604 0.238889
2 0.253906 0.805556 0.044271 0.220370
2 0.348177 0.881019 0.049479 0.184259
2 0.435156 0.882870 0.073438 0.191667
2 0.559896 0.862037 0.039583 0.142593
2 0.636719 0.863889 0.081771 0.179630
2 0.633594 0.673148 0.073438 0.227778
2 0.716406 0.666667 0.075521 0.190741
2 0.772135 0.532407 0.076563 0.287037
2 0.837240 0.655093 0.049479 0.191667
2 0.744010 0.799537 0.054688 0.204630
2 0.848177 0.751852 0.077604 0.181481
2 0.946354 0.643981 0.060417 0.195370
2 0.517448 0.694444 0.075521 0.277778
