2 0.320573 0.173148 0.060937 0.235185
2 0.384635 0.198611 0.067187 0.254630
2 0.661719 0.258796 0.180729 0.413889
2 0.092708 0.812037 0.064583 0.175926
2 0.178385 0.796296 0.072396 0.170370
2 0.263542 0.796296 0.065625 0.212963
2 0.505469 0.681944 0.077604 0.295370
2 0.441146 0.890741 0.069792 0.161111
2 0.343750 0.882407 0.050000 0.181481
2 0.634375 0.675463 0.063542 0.208333
2 0.720833 0.666667 0.064583 0.203704
2 0.781771 0.527778 0.061458 0.262963
2 0.832812 0.626389 0.056250 0.245370
2 0.933854 0.635648 0.069792 0.199074
2 0.847656 0.751852 0.080729 0.188889
2 0.755990 0.777315 0.044271 0.195370
2 0.696615 0.787500 0.038021 0.210185
2 0.628906 0.852315 0.074479 0.145370
2 0.567969 0.864815 0.049479 0.159259
2 0.506510 0.869444 0.055729 0.161111
