2 0.193490 0.253704 0.076563 0.209259
2 0.270573 0.216204 0.055729 0.187963
2 0.347396 0.171296 0.085417 0.238889
2 0.451823 0.181019 0.076563 0.254630
2 0.575000 0.141667 0.059375 0.187037
2 0.726302 0.180093 0.092188 0.291667
2 0.961198 0.379167 0.077604 0.367593
2 0.104688 0.776389 0.056250 0.136111
2 0.134115 0.838889 0.038021 0.107407
2 0.274219 0.770833 0.068229 0.197222
2 0.413802 0.754630 0.067187 0.240741
2 0.479687 0.668519 0.066667 0.218519
2 0.619531 0.662963 0.081771 0.237037
2 0.378125 0.903241 0.068750 0.178704
2 0.456771 0.878241 0.056250 0.147222
2 0.502865 0.862963 0.052604 0.159259
2 0.561979 0.856019 0.053125 0.202778
2 0.728385 0.636111 0.118229 0.325926
2 0.796875 0.659722 0.053125 0.204630
2 0.874479 0.654167 0.073958 0.193519
2 0.636719 0.825926 0.051562 0.153704
2 0.707552 0.778704 0.048438 0.140741
2 0.735417 0.865741 0.057292 0.122222
2 0.870052 0.815278 0.068229 0.136111
