2 0.201302 0.244444 0.079687 0.224074
2 0.280729 0.214352 0.055208 0.199074
2 0.341927 0.166667 0.078646 0.248148
2 0.452083 0.191667 0.069792 0.287037
2 0.517188 0.132870 0.060417 0.250926
2 0.580990 0.134259 0.045312 0.150000
2 0.682292 0.145833 0.060417 0.202778
2 0.731250 0.178241 0.089583 0.291667
2 0.959896 0.387963 0.062500 0.388889
2 0.100781 0.772222 0.052604 0.157407
2 0.269271 0.775926 0.064583 0.253704
2 0.485937 0.656944 0.068750 0.256481
2 0.426563 0.801852 0.064583 0.350000
2 0.372396 0.901389 0.067708 0.186111
2 0.504427 0.859259 0.049479 0.159259
2 0.564063 0.870370 0.051042 0.166667
2 0.630469 0.652315 0.144271 0.228704
2 0.636979 0.812963 0.060417 0.162963
2 0.727344 0.644444 0.109896 0.342593
2 0.791927 0.674074 0.071354 0.225926
2 0.859375 0.639815 0.065625 0.207407
2 0.932031 0.629167 0.075521 0.189815
2 0.861979 0.814352 0.052083 0.156481
2 0.738802 0.876389 0.076563 0.113889
