2 0.184896 0.252778 0.059375 0.222222
2 0.273177 0.212963 0.054688 0.214815
2 0.346094 0.163426 0.077604 0.308333
2 0.450260 0.187037 0.083854 0.274074
2 0.517708 0.163889 0.051042 0.216667
2 0.576042 0.140741 0.059375 0.224074
2 0.739323 0.162963 0.085938 0.294444
2 0.676302 0.149074 0.042188 0.218519
2 0.104427 0.779630 0.051562 0.172222
2 0.138021 0.850463 0.034375 0.137963
2 0.271615 0.783333 0.053646 0.233333
2 0.369531 0.902315 0.067187 0.156481
2 0.435937 0.799537 0.053125 0.297222
2 0.488021 0.650463 0.060417 0.289815
2 0.592448 0.694444 0.079687 0.227778
2 0.527083 0.813426 0.064583 0.182407
2 0.495833 0.872222 0.058333 0.162963
2 0.563021 0.862037 0.051042 0.187037
2 0.635938 0.771759 0.060417 0.199074
2 0.710156 0.781481 0.049479 0.211111
2 0.751042 0.661111 0.064583 0.429630
2 0.801302 0.674074 0.046354 0.233333
2 0.869010 0.658796 0.086979 0.210185
2 0.963802 0.378241 0.070312 0.412037
2 0.946615 0.643056 0.070312 0.186111
