2 0.190365 0.237500 0.078646 0.195370
2 0.278906 0.210648 0.049479 0.213889
2 0.320052 0.199074 0.043229 0.207407
2 0.353906 0.200463 0.072396 0.254630
2 0.447656 0.160648 0.070312 0.306481
2 0.521615 0.161111 0.045312 0.175926
2 0.563021 0.137037 0.061458 0.166667
2 0.708333 0.174537 0.093750 0.295370
2 0.111458 0.779630 0.059375 0.153704
2 0.142187 0.849074 0.034375 0.111111
2 0.275781 0.769444 0.075521 0.231481
2 0.351823 0.797222 0.074479 0.218519
2 0.383073 0.906944 0.054688 0.150926
2 0.481250 0.657870 0.057292 0.232407
2 0.444010 0.822685 0.067187 0.228704
2 0.493750 0.865741 0.064583 0.153704
2 0.526302 0.783796 0.072396 0.187963
2 0.567187 0.870833 0.057292 0.147222
2 0.622135 0.776852 0.078646 0.192593
2 0.667708 0.882870 0.057292 0.149074
2 0.699219 0.768056 0.073438 0.202778
2 0.738021 0.641667 0.064583 0.333333
2 0.731510 0.875463 0.043229 0.110185
2 0.796875 0.676389 0.087500 0.210185
2 0.780208 0.837037 0.068750 0.122222
2 0.869010 0.645833 0.078646 0.260185
2 0.949740 0.383333 0.078646 0.348148
2 0.943490 0.639815 0.068229 0.175926
2 0.854687 0.834259 0.060417 0.159259
