2 0.196094 0.248148 0.069271 0.220370
2 0.266146 0.205093 0.054167 0.234259
2 0.342187 0.203704 0.091667 0.227778
2 0.439062 0.176389 0.100000 0.249074
2 0.511979 0.148611 0.068750 0.232407
2 0.592969 0.108333 0.048438 0.209259
2 0.720313 0.181944 0.097917 0.260185
2 0.104427 0.768056 0.049479 0.134259
2 0.141406 0.852315 0.047396 0.123148
2 0.273177 0.770370 0.054688 0.214815
2 0.339062 0.810185 0.067708 0.222222
2 0.375000 0.891667 0.056250 0.151852
2 0.476302 0.652315 0.075521 0.250926
2 0.444010 0.812037 0.071354 0.222222
2 0.489323 0.871759 0.055729 0.149074
2 0.537500 0.797685 0.060417 0.154630
2 0.561979 0.883796 0.037500 0.132407
2 0.635677 0.765741 0.077604 0.170370
2 0.661719 0.894444 0.041146 0.122222
2 0.731510 0.629167 0.073438 0.289815
2 0.695052 0.774074 0.059896 0.172222
2 0.721875 0.874537 0.058333 0.117593
2 0.786458 0.672222 0.092708 0.237037
2 0.890104 0.658796 0.070833 0.210185
2 0.859375 0.825000 0.051042 0.120370
2 0.817969 0.923148 0.111979 0.100000
2 0.961198 0.410648 0.077604 0.373148
2 0.948958 0.646759 0.069792 0.189815
