2 0.185417 0.242593 0.070833 0.209259
2 0.272135 0.211111 0.050521 0.225926
2 0.358594 0.200463 0.077604 0.254630
2 0.446094 0.181944 0.073438 0.245370
2 0.527604 0.170370 0.065625 0.240741
2 0.600000 0.133333 0.060417 0.266667
2 0.675260 0.152315 0.040104 0.208333
2 0.727344 0.175926 0.069271 0.337037
2 0.954948 0.389815 0.077604 0.362963
2 0.102865 0.756019 0.042188 0.136111
2 0.135677 0.844907 0.053646 0.119444
2 0.269271 0.779167 0.066667 0.193519
2 0.335156 0.809722 0.053646 0.250926
2 0.378125 0.874537 0.060417 0.215741
2 0.482031 0.630093 0.082812 0.291667
2 0.453125 0.755093 0.087500 0.245370
2 0.532813 0.781944 0.051042 0.199074
2 0.499479 0.909259 0.065625 0.101852
2 0.560937 0.857870 0.051042 0.195370
2 0.634896 0.768519 0.058333 0.214815
2 0.705990 0.813889 0.041146 0.114815
2 0.734375 0.662963 0.171875 0.211111
2 0.713802 0.945370 0.080729 0.098148
2 0.757031 0.796296 0.042188 0.101852
2 0.796875 0.838889 0.063542 0.150000
2 0.867188 0.650000 0.093750 0.220370
2 0.858854 0.810648 0.070833 0.145370
2 0.945573 0.643056 0.068229 0.200926
