2 0.195052 0.240741 0.065104 0.231481
2 0.271354 0.201389 0.060417 0.237963
2 0.355990 0.194444 0.078646 0.251852
2 0.452865 0.172222 0.078646 0.287037
2 0.522917 0.158796 0.061458 0.206481
2 0.590885 0.154167 0.072396 0.228704
2 0.679427 0.145370 0.054688 0.207407
2 0.738281 0.179167 0.077604 0.323148
2 0.959635 0.401389 0.080729 0.362037
2 0.104427 0.780093 0.055729 0.134259
2 0.138281 0.855093 0.042188 0.128704
2 0.267969 0.801852 0.048438 0.296296
2 0.223698 0.900463 0.052604 0.160185
2 0.336719 0.777778 0.050521 0.214815
2 0.380469 0.883333 0.051562 0.175926
2 0.484896 0.646759 0.070833 0.289815
2 0.467708 0.800926 0.064583 0.172222
2 0.505469 0.906019 0.055729 0.076852
2 0.532813 0.794444 0.061458 0.224074
2 0.620833 0.639815 0.153125 0.253704
2 0.636979 0.790278 0.060417 0.147222
2 0.658333 0.878704 0.060417 0.116667
2 0.700260 0.765278 0.051562 0.200926
2 0.741927 0.727778 0.076563 0.272222
2 0.794010 0.670370 0.073438 0.237037
2 0.863542 0.644444 0.091667 0.205556
2 0.856250 0.814352 0.057292 0.126852
2 0.926302 0.630093 0.082812 0.184259
2 0.795052 0.841204 0.047396 0.137963
2 0.820052 0.917593 0.097396 0.075926
