2 0.190625 0.229167 0.062500 0.236111
2 0.260677 0.210185 0.053646 0.220370
2 0.304948 0.192593 0.055729 0.212963
2 0.365365 0.198611 0.073438 0.243519
2 0.444792 0.172222 0.094792 0.272222
2 0.515104 0.168519 0.066667 0.225926
2 0.580990 0.160185 0.075521 0.227778
2 0.677083 0.150463 0.057292 0.232407
2 0.743229 0.169444 0.093750 0.300000
2 0.960156 0.406944 0.079687 0.412037
2 0.102344 0.790278 0.057812 0.154630
2 0.134115 0.850463 0.056771 0.126852
2 0.278646 0.871759 0.071875 0.152778
2 0.329688 0.800926 0.072917 0.207407
2 0.378646 0.883333 0.067708 0.153704
2 0.470052 0.671759 0.079687 0.250926
2 0.573698 0.668981 0.145313 0.245370
2 0.464062 0.840278 0.059375 0.136111
2 0.535937 0.814352 0.059375 0.134259
2 0.565885 0.880093 0.053646 0.125000
2 0.635417 0.778704 0.061458 0.155556
2 0.655469 0.881944 0.048438 0.097222
2 0.694010 0.755556 0.059896 0.209259
2 0.752344 0.728241 0.051562 0.245370
2 0.720833 0.881481 0.062500 0.103704
2 0.792188 0.656019 0.088542 0.208333
2 0.787240 0.845833 0.044271 0.139815
2 0.867188 0.641204 0.062500 0.197222
2 0.832812 0.794907 0.068750 0.145370
2 0.866927 0.826852 0.038021 0.124074
2 0.936979 0.637037 0.061458 0.188889
