2 0.188021 0.249074 0.071875 0.244444
2 0.259635 0.226852 0.045312 0.216667
2 0.303906 0.218519 0.065104 0.203704
2 0.354427 0.193056 0.075521 0.249074
2 0.436979 0.157870 0.100000 0.300926
2 0.510938 0.169907 0.068750 0.243519
2 0.582812 0.160185 0.088542 0.220370
2 0.663021 0.152778 0.063542 0.222222
2 0.726302 0.170370 0.097396 0.318519
2 0.965104 0.406481 0.069792 0.451852
2 0.330729 0.761111 0.094792 0.224074
2 0.477865 0.672222 0.091146 0.264815
2 0.597135 0.684722 0.081771 0.312037
2 0.797917 0.675926 0.057292 0.272222
2 0.856771 0.640741 0.072917 0.238889
2 0.098698 0.762500 0.046354 0.152778
2 0.140625 0.853241 0.045833 0.154630
2 0.291667 0.860185 0.063542 0.179630
2 0.370052 0.895370 0.070312 0.170370
2 0.465365 0.829630 0.073438 0.164815
2 0.529167 0.789352 0.060417 0.195370
2 0.566927 0.884259 0.043229 0.116667
2 0.635677 0.773148 0.045312 0.155556
2 0.664323 0.881019 0.042188 0.099074
2 0.707292 0.768056 0.057292 0.230556
2 0.724219 0.881944 0.047396 0.128704
2 0.753125 0.725926 0.054167 0.325926
2 0.858854 0.804630 0.050000 0.153704
2 0.941667 0.625463 0.064583 0.197222
