2 0.177865 0.250000 0.075521 0.235185
2 0.267188 0.208796 0.070833 0.217593
2 0.354948 0.193519 0.084896 0.257407
2 0.446094 0.182407 0.088021 0.279630
2 0.514583 0.177778 0.067708 0.222222
2 0.585677 0.157407 0.066146 0.218519
2 0.675521 0.149537 0.062500 0.237963
2 0.732292 0.175463 0.073958 0.315741
2 0.913281 0.125463 0.119271 0.167593
2 0.961198 0.417593 0.045312 0.383333
2 0.956250 0.660185 0.053125 0.216667
2 0.872396 0.650926 0.061458 0.225926
2 0.802604 0.666667 0.062500 0.237037
2 0.600781 0.664815 0.082812 0.290741
2 0.478385 0.671296 0.103646 0.277778
2 0.386198 0.811111 0.076563 0.155556
2 0.474740 0.881019 0.072396 0.141667
2 0.553125 0.819907 0.065625 0.234259
2 0.642188 0.775926 0.054167 0.172222
2 0.669792 0.890741 0.041667 0.133333
2 0.703646 0.753704 0.047917 0.238889
2 0.717187 0.876389 0.057292 0.089815
2 0.748698 0.733796 0.045312 0.249074
2 0.814063 0.815278 0.051042 0.136111
2 0.863542 0.824074 0.059375 0.161111
2 0.297396 0.876389 0.080208 0.162037
2 0.106771 0.771759 0.056250 0.184259
2 0.142187 0.861111 0.056250 0.166667
