2 0.196094 0.243519 0.047396 0.233333
2 0.273698 0.213426 0.057812 0.200926
2 0.357552 0.198148 0.077604 0.235185
2 0.449479 0.157870 0.094792 0.293519
2 0.524740 0.146759 0.057812 0.150926
2 0.595833 0.146759 0.066667 0.204630
2 0.731510 0.170370 0.081771 0.322222
2 0.867448 0.124074 0.083854 0.222222
2 0.964062 0.404630 0.061458 0.440741
2 0.110417 0.784722 0.035417 0.143519
2 0.134115 0.850463 0.038021 0.137963
2 0.295312 0.875463 0.086458 0.160185
2 0.372917 0.840741 0.084375 0.233333
2 0.426823 0.888889 0.069271 0.142593
2 0.471354 0.707870 0.091667 0.269444
2 0.593750 0.676389 0.120833 0.287963
2 0.565625 0.884259 0.060417 0.162963
2 0.633594 0.771296 0.075521 0.177778
2 0.663281 0.891204 0.046354 0.137963
2 0.692448 0.767130 0.080729 0.262037
2 0.748698 0.733796 0.077604 0.237963
2 0.794271 0.672222 0.070833 0.218519
2 0.863281 0.644907 0.071354 0.186111
2 0.861458 0.815741 0.057292 0.168519
2 0.941146 0.657870 0.059375 0.189815
