2 0.202604 0.253241 0.060417 0.199074
2 0.271354 0.202778 0.064583 0.225926
2 0.315625 0.206019 0.058333 0.208333
2 0.359375 0.209722 0.076042 0.273148
2 0.445573 0.187963 0.093229 0.272222
2 0.516667 0.174537 0.071875 0.249074
2 0.586198 0.161111 0.077604 0.225926
2 0.682031 0.148611 0.069271 0.243519
2 0.736979 0.169444 0.072917 0.296296
2 0.851823 0.140741 0.082812 0.255556
2 0.959115 0.411574 0.075521 0.410185
2 0.098177 0.773148 0.041146 0.148148
2 0.135677 0.855093 0.045312 0.150926
2 0.297396 0.840278 0.068750 0.186111
2 0.386198 0.835185 0.078646 0.229630
2 0.461198 0.678241 0.083854 0.195370
2 0.465625 0.840741 0.094792 0.164815
2 0.591146 0.658796 0.083333 0.356481
2 0.532813 0.798148 0.067708 0.212963
2 0.632031 0.760648 0.070312 0.213889
2 0.706771 0.750000 0.060417 0.250000
2 0.742969 0.735648 0.070312 0.245370
2 0.793750 0.683333 0.059375 0.224074
2 0.865885 0.644444 0.074479 0.205556
2 0.860938 0.824537 0.058333 0.128704
2 0.932292 0.648611 0.060417 0.200926
