2 0.145052 0.239352 0.048438 0.187963
2 0.199219 0.264352 0.043229 0.217593
2 0.276302 0.203241 0.056771 0.202778
2 0.314323 0.204630 0.046354 0.214815
2 0.361979 0.209722 0.070833 0.250926
2 0.444010 0.176852 0.088021 0.281481
2 0.533073 0.169444 0.074479 0.170370
2 0.602344 0.168056 0.059896 0.197222
2 0.676302 0.154167 0.048438 0.204630
2 0.733854 0.175926 0.075000 0.325926
2 0.840885 0.150000 0.080729 0.227778
2 0.960677 0.402315 0.068229 0.382407
2 0.106510 0.779630 0.043229 0.125926
2 0.139323 0.852778 0.044271 0.107407
2 0.291406 0.865278 0.106771 0.136111
2 0.375000 0.830556 0.137500 0.201852
2 0.457813 0.666667 0.098958 0.240741
2 0.544792 0.783796 0.055208 0.195370
2 0.556510 0.881944 0.056771 0.097222
2 0.613021 0.678241 0.096875 0.367593
2 0.707552 0.749074 0.054688 0.218519
2 0.801562 0.683333 0.060417 0.224074
2 0.710156 0.885185 0.090104 0.103704
2 0.855729 0.821759 0.058333 0.145370
2 0.861458 0.630093 0.069792 0.245370
2 0.953125 0.653241 0.076042 0.195370
