2 0.165104 0.240278 0.030208 0.158333
2 0.205729 0.254167 0.060417 0.193519
2 0.280208 0.220833 0.052083 0.193519
2 0.356771 0.203241 0.094792 0.245370
2 0.450521 0.177315 0.086458 0.243519
2 0.526042 0.145833 0.064583 0.252778
2 0.590104 0.154167 0.065625 0.208333
2 0.625521 0.147685 0.076042 0.202778
2 0.673958 0.145833 0.057292 0.241667
2 0.723437 0.177315 0.087500 0.323148
2 0.839844 0.141204 0.076563 0.254630
2 0.961719 0.398148 0.068229 0.398148
2 0.086719 0.781944 0.056771 0.187963
2 0.135156 0.848611 0.042188 0.126852
2 0.210677 0.875463 0.089063 0.126852
2 0.363021 0.822222 0.070833 0.222222
2 0.427865 0.914815 0.077604 0.162963
2 0.467187 0.733796 0.085417 0.299074
2 0.530729 0.793056 0.055208 0.173148
2 0.597135 0.667593 0.077604 0.377778
2 0.560937 0.875463 0.067708 0.169444
2 0.638542 0.757870 0.059375 0.189815
2 0.657813 0.873611 0.061458 0.115741
2 0.693750 0.744444 0.090625 0.227778
2 0.724740 0.882870 0.068229 0.076852
2 0.795312 0.677315 0.062500 0.232407
2 0.789323 0.874537 0.048438 0.121296
2 0.866406 0.635648 0.065104 0.191667
2 0.860938 0.834259 0.050000 0.127778
2 0.898698 0.742130 0.065104 0.243519
2 0.945573 0.636574 0.064062 0.197222
