0 0.220312 0.495833 0.102083 0.137963
0 0.258854 0.584722 0.127083 0.080556
0 0.231771 0.701389 0.094792 0.126852
0 0.735417 0.459722 0.104167 0.137963
0 0.740104 0.701389 0.064583 0.184259
6 0.595833 0.690278 0.060417 0.197222
1 0.503125 0.484722 0.103125 0.069444
1 0.475781 0.574537 0.060937 0.126852
1 0.483854 0.724074 0.064583 0.157407
1 0.441927 0.832407 0.083854 0.162963
1 0.441406 0.960648 0.074479 0.071296
6 0.927604 0.293981 0.058333 0.089815
6 0.964323 0.449537 0.049479 0.136111
6 0.216146 0.216204 0.041667 0.149074
