2 0.203125 0.256481 0.048958 0.233333
2 0.273177 0.216667 0.042188 0.229630
2 0.362760 0.210648 0.072396 0.245370
2 0.448177 0.180093 0.069271 0.291667
2 0.514062 0.165278 0.066667 0.250926
2 0.589583 0.149537 0.068750 0.187963
2 0.724219 0.179167 0.077604 0.297222
2 0.842187 0.159259 0.081250 0.229630
2 0.960156 0.401852 0.079687 0.387037
2 0.126042 0.859259 0.044792 0.166667
2 0.189583 0.885185 0.058333 0.164815
2 0.367448 0.827315 0.079687 0.202778
2 0.451042 0.700463 0.071875 0.247222
2 0.438281 0.896296 0.048438 0.153704
2 0.536719 0.787037 0.053646 0.168519
2 0.564844 0.884722 0.043229 0.137963
2 0.638542 0.773148 0.067708 0.224074
2 0.670312 0.904167 0.050000 0.141667
2 0.706250 0.759722 0.069792 0.262037
2 0.796354 0.681481 0.052083 0.277778
2 0.874479 0.647685 0.065625 0.210185
2 0.880729 0.768519 0.061458 0.118519
2 0.946354 0.648611 0.060417 0.208333
