2 0.171354 0.256481 0.050000 0.172222
2 0.199479 0.166667 0.056250 0.137037
2 0.226823 0.270833 0.044271 0.125000
2 0.272656 0.212037 0.049479 0.220370
2 0.311979 0.197222 0.055208 0.214815
2 0.356250 0.206944 0.069792 0.241667
2 0.447135 0.180093 0.079687 0.271296
2 0.522135 0.166667 0.068229 0.229630
2 0.580208 0.154630 0.073958 0.224074
2 0.675260 0.155093 0.052604 0.230556
2 0.734896 0.172685 0.068750 0.313889
2 0.836719 0.124537 0.086979 0.206481
2 0.966667 0.393056 0.058333 0.467593
2 0.131510 0.846759 0.043229 0.145370
2 0.205469 0.889815 0.080729 0.105556
2 0.354427 0.840741 0.083854 0.168519
2 0.453646 0.671296 0.114583 0.235185
2 0.470573 0.833333 0.050521 0.137037
2 0.433594 0.883796 0.070312 0.200926
2 0.542969 0.653241 0.085938 0.234259
2 0.552344 0.863889 0.086979 0.200000
2 0.632812 0.764352 0.062500 0.213889
2 0.698958 0.757407 0.069792 0.224074
2 0.753906 0.724074 0.042188 0.237037
2 0.796354 0.675000 0.060417 0.224074
2 0.867448 0.648611 0.079687 0.178704
2 0.939844 0.643519 0.073438 0.172222
2 0.886719 0.790741 0.043229 0.111111
2 0.862240 0.817130 0.051562 0.136111
2 0.802083 0.827778 0.061458 0.157407
2 0.723177 0.883333 0.053646 0.107407
2 0.635677 0.937037 0.081771 0.107407
