2 0.134115 0.460648 0.163021 0.343519
2 0.166406 0.236574 0.076563 0.136111
2 0.226302 0.242130 0.059896 0.208333
2 0.272656 0.223611 0.053646 0.197222
2 0.298438 0.196296 0.058333 0.201852
2 0.356771 0.205093 0.072917 0.263889
2 0.448177 0.168519 0.075521 0.311111
2 0.517188 0.156944 0.064583 0.249074
2 0.585677 0.156019 0.068229 0.236111
2 0.676823 0.161111 0.053646 0.214815
2 0.626563 0.161574 0.037500 0.239815
2 0.726823 0.175463 0.076563 0.297222
2 0.844271 0.128241 0.081250 0.213889
2 0.964323 0.415741 0.071354 0.422222
2 0.135677 0.859722 0.045312 0.137963
2 0.234375 0.868519 0.083333 0.166667
2 0.358854 0.827778 0.082292 0.233333
2 0.469271 0.773148 0.053125 0.281481
2 0.435677 0.893981 0.074479 0.186111
2 0.561458 0.697222 0.084375 0.275926
2 0.553125 0.841204 0.093750 0.252778
2 0.639583 0.782407 0.061458 0.185185
2 0.697917 0.754167 0.067708 0.193519
2 0.802604 0.673148 0.064583 0.227778
2 0.869271 0.658796 0.059375 0.191667
2 0.950000 0.665741 0.063542 0.148148
2 0.759635 0.768056 0.051562 0.241667
2 0.849219 0.824537 0.069271 0.139815
