0 0.210677 0.465741 0.080729 0.168519
0 0.699740 0.594907 0.106771 0.132407
0 0.785677 0.718519 0.053646 0.187037
6 0.587240 0.586111 0.049479 0.187037
6 0.679948 0.829167 0.097396 0.130556
5 0.375781 0.406019 0.078646 0.149074
6 0.105469 0.299074 0.049479 0.118519
0 0.234375 0.713426 0.089583 0.136111
1 0.490365 0.554167 0.047396 0.086111
1 0.516667 0.629167 0.089583 0.128704
1 0.493229 0.777778 0.093750 0.118519
1 0.503646 0.900926 0.063542 0.109259
1 0.437500 0.846759 0.080208 0.156481
6 0.294271 0.191667 0.066667 0.153704
