5 0.385677 0.405093 0.088021 0.136111
0 0.699219 0.608333 0.109896 0.105556
6 0.679427 0.792130 0.086979 0.197222
6 0.579167 0.606019 0.051042 0.186111
6 0.912760 0.360185 0.057812 0.107407
1 0.483333 0.531481 0.053125 0.148148
1 0.512500 0.640741 0.057292 0.101852
1 0.466927 0.689815 0.046354 0.100000
1 0.497396 0.776852 0.071875 0.077778
1 0.420312 0.817130 0.098958 0.104630
1 0.495312 0.897685 0.091667 0.100926
5 0.576302 0.123611 0.107812 0.117593
0 0.259635 0.644444 0.120313 0.109259
0 0.213542 0.704630 0.098958 0.107407
