5 0.576562 0.119444 0.090625 0.112963
5 0.295833 0.181944 0.071875 0.145370
1 0.458333 0.499074 0.061458 0.135185
6 0.591406 0.636111 0.045312 0.200000
6 0.913281 0.365278 0.076563 0.078704
6 0.965104 0.551852 0.037500 0.129630
0 0.784896 0.448148 0.037500 0.183333
0 0.700521 0.609259 0.101042 0.079630
0 0.765885 0.708796 0.078646 0.130556
0 0.181510 0.464815 0.070312 0.170370
6 0.194531 0.717593 0.068229 0.116667
6 0.197917 0.857870 0.063542 0.137963
6 0.649740 0.885185 0.079687 0.111111
6 0.524740 0.811574 0.057812 0.204630
1 0.430469 0.823611 0.089063 0.080556
