0 0.196094 0.448611 0.049479 0.195370
0 0.203646 0.742593 0.060417 0.162963
0 0.784635 0.437963 0.047396 0.162963
0 0.773177 0.703241 0.076563 0.141667
0 0.693490 0.602315 0.098437 0.093519
5 0.577083 0.121296 0.091667 0.116667
1 0.461198 0.489352 0.071354 0.104630
1 0.433333 0.811574 0.088542 0.075000
1 0.497656 0.959722 0.079687 0.080556
5 0.300521 0.194444 0.064583 0.112963
6 0.282552 0.618519 0.049479 0.222222
6 0.907813 0.363426 0.071875 0.082407
6 0.949479 0.541204 0.038542 0.108333
6 0.609635 0.706019 0.046354 0.186111
6 0.644010 0.891667 0.084896 0.101852
