0 0.238802 0.518056 0.117188 0.075000
0 0.230208 0.700926 0.067708 0.168519
0 0.788281 0.452315 0.056771 0.149074
0 0.769271 0.701852 0.056250 0.159259
0 0.705990 0.637963 0.107812 0.114815
6 0.965104 0.301852 0.069792 0.098148
6 0.911198 0.361111 0.070312 0.083333
1 0.478385 0.502778 0.036979 0.109259
1 0.509115 0.578241 0.078646 0.091667
1 0.472917 0.729630 0.056250 0.157407
1 0.502865 0.859722 0.078646 0.137963
5 0.644531 0.888889 0.079687 0.118519
6 0.667188 0.743981 0.092708 0.147222
6 0.953125 0.530556 0.033333 0.103704
6 0.708594 0.188889 0.113021 0.062963
6 0.159375 0.235648 0.034375 0.134259
