5 0.148177 0.300000 0.064062 0.155556
5 0.901823 0.279630 0.049479 0.114815
5 0.870052 0.870833 0.056771 0.139815
6 0.972656 0.554167 0.048438 0.136111
0 0.749479 0.440278 0.055208 0.191667
0 0.697656 0.632870 0.119271 0.089815
6 0.738021 0.921296 0.036458 0.150000
0 0.208333 0.495370 0.063542 0.127778
0 0.253906 0.637037 0.117188 0.077778
1 0.481250 0.413889 0.055208 0.150000
1 0.444531 0.550463 0.104688 0.082407
1 0.488802 0.818056 0.044271 0.123148
1 0.428385 0.889815 0.084896 0.109259
5 0.382031 0.660185 0.068229 0.170370
