0 0.265365 0.589815 0.108854 0.100000
0 0.178125 0.487500 0.063542 0.143519
0 0.730208 0.455093 0.069792 0.139815
0 0.692708 0.603241 0.098958 0.084259
0 0.714844 0.693519 0.074479 0.122222
1 0.434635 0.471296 0.113021 0.103704
1 0.465104 0.596759 0.055208 0.136111
1 0.496094 0.687037 0.046354 0.124074
1 0.432812 0.766204 0.091667 0.084259
1 0.489844 0.893981 0.070312 0.075000
1 0.503646 0.792130 0.102083 0.075000
1 0.479167 0.955556 0.095833 0.061111
6 0.942448 0.497222 0.044271 0.116667
6 0.716667 0.138889 0.086458 0.144444
6 0.238281 0.326389 0.073438 0.125000
