6 0.243490 0.324537 0.090104 0.136111
0 0.226823 0.498611 0.054688 0.197222
0 0.731250 0.459722 0.071875 0.156481
0 0.690625 0.587500 0.116667 0.086111
0 0.714844 0.686574 0.072396 0.147222
0 0.791406 0.681944 0.078646 0.119444
6 0.217188 0.162037 0.067708 0.098148
1 0.440625 0.472222 0.086458 0.090741
1 0.460156 0.590741 0.055729 0.098148
1 0.496354 0.676389 0.037500 0.137963
1 0.444010 0.723148 0.073438 0.090741
1 0.507031 0.798611 0.110937 0.084259
1 0.488021 0.879167 0.098958 0.087963
6 0.952604 0.237500 0.036458 0.119444
