6 0.234896 0.499074 0.070833 0.162963
0 0.247135 0.685648 0.072396 0.134259
0 0.189062 0.742130 0.043750 0.147222
0 0.734896 0.462500 0.107292 0.132407
0 0.792708 0.688426 0.061458 0.132407
0 0.696094 0.576852 0.097396 0.061111
0 0.715885 0.676852 0.078646 0.159259
6 0.815625 0.894907 0.066667 0.145370
1 0.474740 0.573611 0.080729 0.125000
1 0.459635 0.716667 0.074479 0.057407
1 0.495833 0.808333 0.090625 0.072222
1 0.488802 0.880093 0.078646 0.071296
6 0.234896 0.204630 0.060417 0.111111
6 0.240885 0.312500 0.089063 0.134259
6 0.602865 0.499537 0.070312 0.195370
