1 0.452083 0.446296 0.104167 0.111111
1 0.458594 0.525926 0.056771 0.112963
1 0.479948 0.624537 0.100521 0.099074
1 0.498437 0.808333 0.087500 0.125926
1 0.431510 0.787037 0.058854 0.107407
1 0.437500 0.883796 0.084375 0.078704
0 0.186458 0.744907 0.068750 0.145370
0 0.792188 0.468519 0.066667 0.066667
0 0.691667 0.597685 0.101042 0.065741
0 0.730990 0.705556 0.040104 0.216667
5 0.942969 0.775000 0.055729 0.148148
6 0.559115 0.332407 0.081771 0.201852
6 0.222656 0.187037 0.046354 0.098148
6 0.771615 0.938426 0.077604 0.091667
