2 0.097135 0.283333 0.041146 0.168519
2 0.179427 0.250926 0.048438 0.190741
2 0.244010 0.225926 0.048438 0.187037
2 0.343750 0.202315 0.060417 0.247222
2 0.441927 0.191667 0.039062 0.272222
2 0.539844 0.165741 0.059896 0.198148
2 0.491406 0.187963 0.045312 0.229630
2 0.588802 0.162963 0.044271 0.187037
2 0.657813 0.137037 0.061458 0.159259
2 0.746875 0.160185 0.062500 0.212963
2 0.843750 0.158333 0.058333 0.212963
2 0.043750 0.692593 0.055208 0.131481
2 0.124479 0.688426 0.079167 0.182407
2 0.175000 0.842593 0.053125 0.172222
2 0.357812 0.687500 0.072917 0.241667
2 0.471354 0.674537 0.063542 0.263889
2 0.595833 0.660185 0.072917 0.288889
2 0.702604 0.654167 0.075000 0.219444
2 0.815104 0.618056 0.065625 0.308333
2 0.883854 0.650463 0.060417 0.189815
2 0.926562 0.504630 0.098958 0.266667
2 0.358854 0.870370 0.070833 0.170370
2 0.428385 0.868981 0.056771 0.147222
2 0.501302 0.872685 0.049479 0.104630
2 0.535156 0.787963 0.048438 0.174074
2 0.583073 0.868056 0.081771 0.137963
2 0.627865 0.776852 0.052604 0.192593
2 0.701823 0.793519 0.076563 0.114815
2 0.764583 0.787037 0.057292 0.214815
2 0.842969 0.843981 0.048438 0.121296
2 0.852865 0.765741 0.048438 0.109259
