2 0.092708 0.282407 0.044792 0.174074
2 0.133594 0.243519 0.041146 0.157407
2 0.175000 0.255556 0.059375 0.181481
2 0.246354 0.218056 0.061458 0.202778
2 0.287240 0.203241 0.052604 0.180556
2 0.339323 0.200463 0.069271 0.247222
2 0.399219 0.189815 0.038021 0.207407
2 0.435937 0.200463 0.057292 0.239815
2 0.490365 0.195370 0.057812 0.214815
2 0.540365 0.181019 0.052604 0.273148
2 0.580469 0.177315 0.042188 0.193519
2 0.610938 0.167593 0.056250 0.192593
2 0.664323 0.145833 0.050521 0.184259
2 0.752865 0.147222 0.048438 0.233333
2 0.806510 0.244444 0.048438 0.151852
2 0.847396 0.136574 0.065625 0.254630
2 0.940365 0.497222 0.104688 0.274074
2 0.035677 0.683796 0.055729 0.149074
2 0.124479 0.702778 0.073958 0.211111
2 0.361198 0.681944 0.079687 0.252778
2 0.474740 0.676389 0.074479 0.252778
2 0.590104 0.658333 0.059375 0.270370
2 0.370573 0.881944 0.069271 0.150926
2 0.436198 0.864815 0.049479 0.159259
2 0.489844 0.870370 0.070312 0.109259
2 0.533854 0.776852 0.067708 0.148148
2 0.710156 0.668056 0.065104 0.250926
2 0.801042 0.628241 0.069792 0.260185
2 0.639062 0.799074 0.056250 0.161111
2 0.587500 0.855093 0.064583 0.139815
2 0.694792 0.792593 0.092708 0.112963
2 0.759115 0.786111 0.080729 0.212963
2 0.883073 0.640741 0.058854 0.255556
2 0.845313 0.804630 0.065625 0.168519
2 0.180990 0.837963 0.059896 0.155556
6 0.233854 0.063426 0.064583 0.095370
