2 0.091406 0.293981 0.043229 0.182407
2 0.134115 0.252778 0.058854 0.150000
2 0.175781 0.249074 0.043229 0.196296
2 0.252865 0.230556 0.050521 0.220370
2 0.330990 0.211574 0.073438 0.254630
2 0.397135 0.188889 0.035937 0.238889
2 0.426823 0.187963 0.047396 0.264815
2 0.486458 0.169907 0.051042 0.243519
2 0.534896 0.170833 0.059375 0.256481
2 0.573698 0.147222 0.040104 0.222222
2 0.599479 0.142593 0.061458 0.201852
2 0.654167 0.133333 0.064583 0.205556
2 0.753906 0.163889 0.072396 0.212963
2 0.055990 0.685648 0.073438 0.184259
2 0.127865 0.684722 0.048438 0.208333
2 0.359375 0.685648 0.076042 0.260185
2 0.473438 0.679167 0.089583 0.225000
2 0.584635 0.672222 0.072396 0.225926
2 0.707031 0.668981 0.083854 0.252778
2 0.813802 0.620833 0.079687 0.245370
2 0.932292 0.492593 0.098958 0.225926
2 0.173177 0.862963 0.046354 0.177778
2 0.363021 0.874537 0.064583 0.186111
2 0.435937 0.873611 0.063542 0.195370
2 0.493490 0.881481 0.075521 0.100000
2 0.532292 0.793981 0.062500 0.200926
2 0.588281 0.862500 0.075521 0.141667
2 0.631771 0.787037 0.061458 0.168519
2 0.764323 0.778704 0.048438 0.220370
2 0.834635 0.759259 0.044271 0.170370
