2 0.098177 0.292130 0.075521 0.204630
2 0.170313 0.265278 0.064583 0.208333
2 0.255469 0.215278 0.055729 0.182407
2 0.296875 0.212963 0.037500 0.164815
2 0.344271 0.201852 0.071875 0.231481
2 0.395833 0.189815 0.031250 0.229630
2 0.432812 0.196296 0.061458 0.238889
2 0.491406 0.176389 0.055729 0.210185
2 0.541146 0.189352 0.060417 0.249074
2 0.576042 0.161574 0.035417 0.193519
2 0.599740 0.153241 0.044271 0.210185
2 0.652344 0.146759 0.052604 0.204630
2 0.753125 0.162037 0.064583 0.231481
2 0.851302 0.158333 0.034896 0.212963
2 0.047396 0.682870 0.042708 0.186111
2 0.133073 0.689352 0.072396 0.199074
2 0.275781 0.779630 0.067187 0.240741
2 0.356510 0.694444 0.075521 0.212963
2 0.469792 0.688426 0.070833 0.239815
2 0.590625 0.681944 0.068750 0.256481
2 0.706510 0.665741 0.084896 0.231481
2 0.801823 0.628241 0.075521 0.271296
2 0.870833 0.648611 0.068750 0.186111
2 0.923698 0.490278 0.105729 0.263889
2 0.831771 0.789352 0.034375 0.106481
2 0.703125 0.818981 0.069792 0.154630
2 0.497917 0.886111 0.066667 0.101852
2 0.537760 0.762500 0.071354 0.256481
2 0.369010 0.881481 0.058854 0.175926
2 0.433073 0.844907 0.069271 0.213889
2 0.597656 0.875463 0.050521 0.156481
