2 0.094271 0.286111 0.053125 0.155556
2 0.137240 0.230093 0.044271 0.195370
2 0.180469 0.247222 0.044271 0.214815
2 0.254427 0.219444 0.051562 0.205556
2 0.304427 0.190741 0.035937 0.205556
2 0.343229 0.199074 0.048958 0.261111
2 0.395052 0.176389 0.038021 0.252778
2 0.431510 0.189352 0.056771 0.295370
2 0.482031 0.175463 0.050521 0.247222
2 0.535937 0.185648 0.063542 0.256481
2 0.586198 0.178241 0.049479 0.202778
2 0.651302 0.141667 0.084896 0.283333
2 0.740104 0.165741 0.064583 0.238889
2 0.839583 0.155556 0.058333 0.225926
2 0.051042 0.675926 0.059375 0.164815
2 0.124479 0.689815 0.055208 0.225926
2 0.179948 0.739815 0.051562 0.111111
2 0.272656 0.801852 0.065104 0.224074
2 0.363802 0.675463 0.082812 0.262037
2 0.463281 0.689815 0.067187 0.268519
2 0.365365 0.875463 0.047396 0.176852
2 0.434896 0.870370 0.071875 0.170370
2 0.501563 0.870833 0.055208 0.139815
2 0.541927 0.776389 0.069271 0.197222
2 0.598698 0.647685 0.068229 0.287963
2 0.710677 0.669444 0.064062 0.235185
2 0.598177 0.868519 0.055729 0.124074
2 0.644531 0.806481 0.041146 0.211111
2 0.810417 0.610185 0.082292 0.251852
2 0.888542 0.666667 0.055208 0.211111
2 0.938542 0.509722 0.084375 0.310185
2 0.763021 0.790278 0.060417 0.215741
