2 0.091667 0.287037 0.040625 0.161111
2 0.128125 0.244907 0.040625 0.184259
2 0.171875 0.248148 0.055208 0.201852
2 0.252604 0.217593 0.065625 0.224074
2 0.292969 0.203241 0.041146 0.191667
2 0.338542 0.208796 0.064583 0.267593
2 0.389062 0.182870 0.050000 0.228704
2 0.430990 0.194444 0.057812 0.266667
2 0.482292 0.165741 0.061458 0.246296
2 0.545833 0.180093 0.081250 0.263889
2 0.635156 0.122685 0.082812 0.245370
2 0.742708 0.170833 0.062500 0.241667
2 0.840365 0.166667 0.051562 0.218519
2 0.050000 0.687500 0.069792 0.130556
2 0.123958 0.680093 0.060417 0.210185
2 0.357552 0.676389 0.077604 0.263889
2 0.474479 0.683796 0.089583 0.260185
2 0.592708 0.659722 0.072917 0.297222
2 0.708594 0.669907 0.068229 0.243519
2 0.806510 0.636111 0.078646 0.279630
2 0.932812 0.492593 0.091667 0.264815
2 0.878385 0.662037 0.075521 0.235185
2 0.179427 0.843981 0.054688 0.136111
2 0.270573 0.812500 0.081771 0.202778
2 0.372656 0.882407 0.047396 0.177778
2 0.436979 0.867593 0.057292 0.161111
2 0.501563 0.884259 0.055208 0.109259
2 0.530729 0.773148 0.069792 0.181481
2 0.595313 0.868519 0.053125 0.159259
2 0.639062 0.787963 0.052083 0.220370
2 0.705729 0.805556 0.052083 0.140741
2 0.757031 0.787500 0.052604 0.195370
2 0.830729 0.834259 0.058333 0.155556
