2 0.087760 0.301852 0.070312 0.166667
2 0.136458 0.236574 0.037500 0.165741
2 0.183594 0.247222 0.054688 0.200000
2 0.254948 0.217593 0.054688 0.209259
2 0.295312 0.207870 0.042708 0.186111
2 0.339844 0.210648 0.076563 0.252778
2 0.399740 0.185648 0.049479 0.237963
2 0.441406 0.193519 0.070312 0.268519
2 0.492448 0.166667 0.065104 0.244444
2 0.537240 0.171759 0.076563 0.254630
2 0.584896 0.150463 0.062500 0.286111
2 0.641927 0.131481 0.078646 0.227778
2 0.708854 0.087037 0.030208 0.148148
2 0.745573 0.163889 0.069271 0.227778
2 0.864844 0.153704 0.068229 0.222222
2 0.054427 0.691204 0.064062 0.137963
2 0.120573 0.704167 0.069271 0.186111
2 0.171875 0.822685 0.065625 0.182407
2 0.266146 0.813426 0.064583 0.247222
2 0.347135 0.677315 0.079687 0.232407
2 0.470833 0.684722 0.070833 0.262037
2 0.586719 0.655093 0.066146 0.260185
2 0.707292 0.652315 0.059375 0.254630
2 0.810937 0.650463 0.093750 0.200926
2 0.876042 0.646759 0.060417 0.189815
2 0.931771 0.503704 0.091667 0.287037
2 0.371875 0.885185 0.064583 0.153704
2 0.441667 0.868981 0.060417 0.189815
2 0.496094 0.867130 0.054688 0.132407
2 0.584635 0.867130 0.052604 0.150926
2 0.628646 0.774074 0.061458 0.172222
2 0.657292 0.869907 0.054167 0.145370
2 0.705208 0.826389 0.065625 0.125000
2 0.748437 0.764352 0.063542 0.221296
2 0.786719 0.822685 0.043229 0.158333
2 0.817448 0.784722 0.078646 0.182407
