2 0.095312 0.295833 0.073958 0.178704
2 0.176563 0.253704 0.056250 0.170370
2 0.248958 0.225000 0.062500 0.181481
2 0.347917 0.189352 0.064583 0.245370
2 0.398698 0.173148 0.041146 0.224074
2 0.442188 0.195370 0.067708 0.248148
2 0.489844 0.193519 0.054688 0.183333
2 0.538281 0.179167 0.068229 0.273148
2 0.638021 0.127315 0.072917 0.250926
2 0.704167 0.150463 0.043750 0.208333
2 0.738281 0.154167 0.039062 0.193519
2 0.768229 0.159259 0.034375 0.164815
2 0.850260 0.172685 0.045312 0.202778
2 0.049479 0.682407 0.068750 0.164815
2 0.137240 0.677315 0.074479 0.215741
2 0.171875 0.836111 0.029167 0.155556
2 0.266146 0.788426 0.070833 0.186111
2 0.350521 0.677315 0.093750 0.258333
2 0.473438 0.672222 0.067708 0.222222
2 0.588281 0.652315 0.067187 0.262037
2 0.709375 0.654167 0.061458 0.254630
2 0.804948 0.629630 0.069271 0.220370
2 0.932812 0.493981 0.089583 0.245370
2 0.874479 0.660185 0.071875 0.209259
2 0.371094 0.864352 0.050521 0.137963
2 0.432031 0.864815 0.053646 0.166667
2 0.501042 0.861111 0.068750 0.135185
2 0.532813 0.776852 0.055208 0.166667
2 0.580469 0.862963 0.074479 0.155556
2 0.628125 0.774074 0.056250 0.207407
2 0.660156 0.854630 0.046354 0.153704
2 0.701042 0.807407 0.071875 0.098148
2 0.754427 0.775926 0.073438 0.203704
2 0.783073 0.828704 0.044271 0.124074
2 0.832031 0.800000 0.075521 0.159259
