2 0.135677 0.220370 0.055729 0.172222
2 0.194531 0.236574 0.048438 0.197222
2 0.256771 0.210648 0.061458 0.245370
2 0.296615 0.218519 0.046354 0.211111
2 0.346615 0.209722 0.072396 0.254630
2 0.545833 0.170370 0.063542 0.187037
2 0.447656 0.225926 0.078646 0.179630
2 0.633594 0.142593 0.065104 0.238889
2 0.704427 0.156019 0.046354 0.208333
2 0.750521 0.156481 0.057292 0.216667
2 0.452083 0.110185 0.119792 0.070370
2 0.183073 0.601852 0.133854 0.218519
2 0.348698 0.681019 0.070312 0.247222
2 0.468750 0.669444 0.088542 0.212963
2 0.125000 0.697685 0.080208 0.195370
2 0.719792 0.646759 0.075000 0.247222
2 0.801823 0.622222 0.073438 0.275926
2 0.888281 0.617593 0.076563 0.227778
2 0.934635 0.475926 0.074479 0.331481
2 0.126042 0.856019 0.066667 0.145370
2 0.192448 0.795833 0.052604 0.178704
2 0.256510 0.777778 0.043229 0.229630
2 0.296875 0.787500 0.057292 0.213889
2 0.357812 0.857407 0.060417 0.162963
2 0.416146 0.808333 0.058333 0.187037
2 0.429948 0.877315 0.053646 0.137963
2 0.498958 0.784259 0.062500 0.170370
2 0.500000 0.899074 0.050000 0.112963
2 0.601823 0.829167 0.060937 0.187963
2 0.653646 0.850463 0.069792 0.160185
2 0.727344 0.802778 0.073438 0.107407
