2 0.128646 0.225926 0.059375 0.150000
2 0.201042 0.242593 0.053125 0.216667
2 0.253646 0.221296 0.063542 0.224074
2 0.298438 0.197685 0.034375 0.199074
2 0.337240 0.201389 0.077604 0.256481
2 0.405729 0.176389 0.065625 0.263889
2 0.476562 0.176389 0.062500 0.249074
2 0.550000 0.179167 0.100000 0.236111
2 0.635156 0.159259 0.082812 0.222222
2 0.709635 0.151852 0.054688 0.166667
2 0.750521 0.166667 0.067708 0.233333
2 0.116406 0.694444 0.065104 0.188889
2 0.188542 0.781481 0.054167 0.203704
2 0.147396 0.843056 0.062500 0.137963
2 0.248698 0.783796 0.049479 0.199074
2 0.301563 0.761111 0.064583 0.216667
2 0.359375 0.676852 0.057292 0.227778
2 0.356771 0.863889 0.058333 0.168519
2 0.415885 0.808333 0.077604 0.214815
2 0.482812 0.670833 0.101042 0.241667
2 0.505469 0.850926 0.067187 0.164815
2 0.592187 0.783333 0.081250 0.268519
2 0.697917 0.689815 0.067708 0.272222
2 0.651042 0.858333 0.058333 0.164815
2 0.810677 0.657870 0.076563 0.293519
2 0.946615 0.463889 0.086979 0.325926
2 0.896615 0.602315 0.090104 0.250926
2 0.755729 0.779630 0.063542 0.244444
