2 0.132552 0.245370 0.049479 0.153704
2 0.200260 0.247222 0.041146 0.214815
2 0.256771 0.219444 0.061458 0.242593
2 0.342708 0.195370 0.084375 0.253704
2 0.408333 0.187500 0.060417 0.245370
2 0.454687 0.168519 0.054167 0.222222
2 0.540885 0.167593 0.079687 0.212963
2 0.637760 0.169444 0.073438 0.205556
2 0.707552 0.149074 0.054688 0.214815
2 0.755990 0.158333 0.042188 0.220370
2 0.115885 0.558333 0.084896 0.044444
2 0.116146 0.705093 0.060417 0.173148
2 0.201042 0.771296 0.069792 0.216667
2 0.255469 0.795833 0.053646 0.178704
2 0.303646 0.787963 0.062500 0.166667
2 0.363802 0.678241 0.084896 0.271296
2 0.481250 0.677315 0.095833 0.200926
2 0.413802 0.829630 0.063021 0.211111
2 0.497917 0.864815 0.072917 0.166667
2 0.562500 0.796759 0.062500 0.260185
2 0.599219 0.862037 0.055729 0.118519
2 0.645052 0.836111 0.070312 0.209259
2 0.704167 0.669444 0.061458 0.235185
2 0.709635 0.834722 0.048438 0.139815
2 0.807031 0.658796 0.073438 0.299074
2 0.771094 0.806481 0.074479 0.207407
2 0.944010 0.480093 0.088021 0.365741
2 0.901823 0.614352 0.085938 0.243519
2 0.101823 0.866204 0.058854 0.149074
