2 0.131250 0.232870 0.064583 0.158333
2 0.200000 0.230556 0.055208 0.231481
2 0.252083 0.215741 0.058333 0.235185
2 0.348177 0.194444 0.053646 0.251852
2 0.432031 0.185648 0.088021 0.245370
2 0.540885 0.171296 0.083854 0.266667
2 0.488281 0.181019 0.071354 0.286111
2 0.640104 0.154167 0.068750 0.250926
2 0.710677 0.150463 0.050521 0.212037
2 0.750781 0.162963 0.046354 0.229630
2 0.844271 0.215741 0.065625 0.112963
2 0.120313 0.693519 0.097917 0.196296
2 0.146615 0.856944 0.051562 0.136111
2 0.195052 0.793981 0.061979 0.147222
2 0.221354 0.901389 0.057292 0.082407
2 0.252865 0.779630 0.052604 0.200000
2 0.301563 0.793056 0.058333 0.173148
2 0.287240 0.903704 0.052604 0.055556
2 0.354687 0.684722 0.064583 0.247222
2 0.360938 0.869907 0.056250 0.123148
2 0.411979 0.783333 0.063542 0.183333
2 0.414844 0.904167 0.051562 0.141667
2 0.479948 0.685648 0.104688 0.321296
2 0.579167 0.807870 0.085417 0.247222
2 0.660417 0.847685 0.064583 0.139815
2 0.707812 0.668519 0.066667 0.279630
2 0.808594 0.638889 0.074479 0.235185
2 0.766667 0.816667 0.048958 0.216667
2 0.898177 0.615278 0.074479 0.249074
2 0.931771 0.487963 0.095833 0.274074
