0 0.194010 0.470370 0.071354 0.124074
0 0.246094 0.519907 0.102604 0.067593
0 0.259896 0.567130 0.120833 0.069444
0 0.254948 0.620370 0.110937 0.050000
0 0.235937 0.672222 0.092708 0.072222
0 0.209115 0.739815 0.069271 0.172222
1 0.530208 0.564352 0.092708 0.150926
1 0.504167 0.801389 0.096875 0.075000
0 0.718229 0.678241 0.041667 0.173148
0 0.755208 0.710185 0.032292 0.170370
0 0.783854 0.711574 0.039583 0.175000
6 0.741927 0.388889 0.078646 0.194444
6 0.659635 0.843056 0.083854 0.134259
6 0.935677 0.837963 0.076563 0.062963
6 0.960156 0.930093 0.045312 0.093519
