0 0.244271 0.526852 0.097917 0.088889
0 0.251563 0.558333 0.130208 0.077778
0 0.237240 0.669444 0.105729 0.059259
1 0.507031 0.463426 0.123437 0.084259
1 0.469792 0.632407 0.064583 0.096296
1 0.419271 0.713426 0.101042 0.097222
6 0.310417 0.801852 0.122917 0.074074
0 0.725260 0.378241 0.131771 0.082407
0 0.723437 0.469444 0.087500 0.100000
0 0.694531 0.546759 0.123437 0.075000
0 0.721615 0.680093 0.046354 0.176852
0 0.776302 0.707870 0.040104 0.158333
6 0.326042 0.905093 0.091667 0.078704
6 0.234635 0.872685 0.108854 0.086111
5 0.941406 0.842130 0.046354 0.071296
