2 0.117448 0.273148 0.053646 0.155556
2 0.154688 0.247685 0.031250 0.139815
2 0.192448 0.238426 0.048438 0.193519
2 0.245573 0.214815 0.051562 0.161111
2 0.294271 0.255556 0.060417 0.216667
2 0.357031 0.176389 0.080729 0.213889
2 0.465885 0.159722 0.042188 0.197222
2 0.515104 0.137963 0.056250 0.222222
2 0.593229 0.167593 0.069792 0.220370
2 0.662500 0.151389 0.060417 0.234259
2 0.728385 0.113889 0.057812 0.212963
2 0.120833 0.538426 0.101042 0.087963
2 0.095312 0.774074 0.055208 0.157407
2 0.133073 0.854630 0.044271 0.125926
2 0.177865 0.781481 0.049479 0.175926
2 0.226042 0.890278 0.062500 0.082407
2 0.284896 0.778704 0.055208 0.170370
2 0.389583 0.660648 0.076042 0.249074
2 0.485156 0.690741 0.077604 0.205556
2 0.463021 0.842130 0.059375 0.136111
2 0.529687 0.791204 0.067708 0.176852
2 0.662240 0.764352 0.104688 0.176852
2 0.577083 0.889352 0.065625 0.137963
2 0.623177 0.868981 0.048438 0.139815
2 0.785417 0.788426 0.066667 0.200926
