2 0.113802 0.262500 0.050521 0.152778
2 0.153385 0.248148 0.052604 0.162963
2 0.190625 0.233796 0.056250 0.202778
2 0.229427 0.171296 0.069271 0.120370
2 0.248438 0.282407 0.043750 0.112963
2 0.309375 0.231944 0.066667 0.249074
2 0.359375 0.199074 0.033333 0.168519
2 0.467969 0.144907 0.048438 0.200926
2 0.523698 0.168519 0.053646 0.229630
2 0.591146 0.160185 0.067708 0.235185
2 0.661719 0.166667 0.075521 0.211111
2 0.723177 0.137037 0.081771 0.235185
2 0.119531 0.523611 0.085938 0.086111
2 0.382031 0.661574 0.096354 0.239815
2 0.090104 0.781944 0.055208 0.141667
2 0.171875 0.787500 0.041667 0.184259
2 0.228125 0.913426 0.063542 0.080556
2 0.230469 0.789352 0.043229 0.152778
2 0.281771 0.788426 0.061458 0.186111
2 0.467187 0.672685 0.067708 0.237963
2 0.396875 0.827778 0.059375 0.157407
2 0.527604 0.775926 0.065625 0.218519
2 0.338802 0.851389 0.046354 0.139815
2 0.655208 0.756944 0.088542 0.191667
2 0.629948 0.854630 0.056771 0.153704
2 0.571094 0.861111 0.055729 0.198148
2 0.794792 0.850463 0.055208 0.184259
