2 0.109375 0.260648 0.035417 0.156481
2 0.153646 0.255556 0.041667 0.159259
2 0.191406 0.240278 0.044271 0.193519
2 0.236979 0.225463 0.054167 0.200926
2 0.288802 0.252778 0.071354 0.200000
2 0.362500 0.173611 0.055208 0.200926
2 0.423958 0.122685 0.063542 0.160185
2 0.467708 0.181019 0.052083 0.165741
2 0.517188 0.182870 0.060417 0.247222
2 0.591406 0.162963 0.075521 0.218519
2 0.654948 0.152315 0.077604 0.219444
2 0.732031 0.114815 0.042188 0.229630
2 0.117969 0.532407 0.104688 0.057407
2 0.093750 0.778704 0.047917 0.174074
2 0.135677 0.848611 0.039062 0.130556
2 0.177344 0.793981 0.042188 0.162037
2 0.220833 0.803241 0.068750 0.197222
2 0.311979 0.704167 0.071875 0.204630
2 0.387500 0.639352 0.071875 0.250926
2 0.482292 0.679167 0.065625 0.250926
2 0.659896 0.760185 0.085417 0.164815
2 0.797396 0.840741 0.047917 0.179630
2 0.269531 0.816204 0.051562 0.187963
2 0.326562 0.878241 0.042708 0.071296
2 0.294010 0.931944 0.047396 0.093519
2 0.403125 0.831481 0.064583 0.142593
2 0.447135 0.815278 0.083854 0.143519
2 0.483333 0.896296 0.051042 0.107407
2 0.527344 0.788889 0.074479 0.218519
2 0.608073 0.845370 0.048438 0.162963
2 0.677083 0.877778 0.065625 0.107407
