2 0.116406 0.271296 0.067187 0.159259
2 0.153646 0.255556 0.037500 0.159259
2 0.189062 0.240278 0.053125 0.212037
2 0.243750 0.215278 0.060417 0.200926
2 0.297396 0.224074 0.050000 0.301852
2 0.322135 0.219444 0.053646 0.170370
2 0.357292 0.171296 0.055208 0.224074
2 0.473177 0.252315 0.039062 0.193519
2 0.526042 0.164815 0.062500 0.229630
2 0.590625 0.165741 0.064583 0.212963
2 0.660937 0.158333 0.067708 0.227778
2 0.733333 0.121759 0.055208 0.243519
2 0.119010 0.522222 0.106771 0.066667
2 0.089323 0.781481 0.047396 0.150000
2 0.134115 0.837963 0.040104 0.185185
2 0.175260 0.808333 0.040104 0.168519
2 0.230469 0.826852 0.047396 0.170370
2 0.280208 0.820833 0.038542 0.204630
2 0.319010 0.623611 0.067187 0.197222
2 0.330729 0.871759 0.068750 0.119444
2 0.388281 0.658333 0.080729 0.288889
2 0.399219 0.850463 0.040104 0.130556
2 0.469792 0.668519 0.070833 0.261111
2 0.517188 0.771296 0.066667 0.181481
2 0.666406 0.782407 0.086979 0.235185
2 0.558333 0.867130 0.058333 0.197222
2 0.614323 0.835185 0.039062 0.211111
2 0.783854 0.805556 0.061458 0.205556
