2 0.111458 0.267130 0.059375 0.147222
2 0.153385 0.252778 0.052604 0.179630
2 0.192448 0.245370 0.056771 0.183333
2 0.243490 0.208796 0.053646 0.176852
2 0.290625 0.235648 0.061458 0.263889
2 0.465365 0.116667 0.053646 0.111111
2 0.518750 0.160185 0.069792 0.227778
2 0.582292 0.181019 0.055208 0.269444
2 0.664844 0.162963 0.057812 0.229630
2 0.722917 0.122685 0.064583 0.234259
2 0.120573 0.576852 0.079687 0.050000
2 0.091667 0.794907 0.064583 0.176852
2 0.129427 0.861111 0.041146 0.138889
2 0.169531 0.789352 0.044271 0.156481
2 0.222917 0.807407 0.066667 0.205556
2 0.320573 0.682870 0.078646 0.273148
2 0.382292 0.678241 0.062500 0.226852
2 0.475781 0.674074 0.068229 0.222222
2 0.394792 0.811574 0.057292 0.189815
2 0.409375 0.923148 0.054167 0.107407
2 0.530208 0.786574 0.072917 0.189815
2 0.654167 0.760185 0.094792 0.172222
2 0.576562 0.868519 0.062500 0.159259
2 0.617969 0.859259 0.044271 0.151852
2 0.774219 0.815278 0.089063 0.197222
