2 0.111979 0.274074 0.054167 0.157407
2 0.154167 0.259722 0.038542 0.128704
2 0.194531 0.220370 0.052604 0.150000
2 0.240885 0.205093 0.048438 0.160185
2 0.290365 0.207870 0.066146 0.228704
2 0.380469 0.155093 0.069271 0.199074
2 0.466146 0.160648 0.069792 0.187963
2 0.522135 0.162963 0.040104 0.203704
2 0.590104 0.155093 0.069792 0.191667
2 0.659375 0.156944 0.062500 0.234259
2 0.725260 0.124537 0.065104 0.221296
2 0.096354 0.773148 0.063542 0.155556
2 0.138542 0.831481 0.039583 0.161111
2 0.167969 0.809259 0.047396 0.205556
2 0.221615 0.900000 0.044271 0.053704
2 0.227344 0.780556 0.047396 0.212963
2 0.279167 0.805556 0.058333 0.138889
2 0.316667 0.657870 0.062500 0.243519
2 0.380729 0.667593 0.063542 0.274074
2 0.398698 0.818981 0.055729 0.175000
2 0.331510 0.881481 0.072396 0.179630
2 0.475000 0.680093 0.064583 0.223148
2 0.452604 0.833333 0.068750 0.146296
2 0.522396 0.808796 0.062500 0.199074
2 0.571094 0.851852 0.053646 0.159259
2 0.614583 0.854630 0.067708 0.164815
2 0.662240 0.750926 0.100521 0.157407
2 0.689063 0.894444 0.059375 0.100000
2 0.773177 0.816204 0.054688 0.149074
