2 0.109896 0.265278 0.047917 0.158333
2 0.149219 0.252778 0.038021 0.168519
2 0.180469 0.216204 0.052604 0.191667
2 0.230729 0.198148 0.064583 0.166667
2 0.292187 0.220833 0.064583 0.247222
2 0.376563 0.154630 0.061458 0.220370
2 0.458594 0.153241 0.070312 0.184259
2 0.507031 0.172222 0.074479 0.211111
2 0.590104 0.164815 0.069792 0.225926
2 0.654167 0.151389 0.068750 0.206481
2 0.721615 0.119907 0.074479 0.239815
2 0.110937 0.562037 0.066667 0.055556
2 0.095312 0.771296 0.055208 0.166667
2 0.129948 0.840741 0.050521 0.157407
2 0.172135 0.815278 0.046354 0.193519
2 0.226823 0.812963 0.056771 0.220370
2 0.281771 0.803704 0.055208 0.170370
2 0.323698 0.684722 0.052604 0.247222
2 0.393229 0.669444 0.060417 0.277778
2 0.473958 0.679167 0.060417 0.232407
2 0.404427 0.826852 0.044271 0.159259
2 0.655729 0.752778 0.085417 0.175926
2 0.760938 0.773148 0.090625 0.259259
2 0.528125 0.794907 0.070833 0.180556
