2 0.108854 0.274537 0.066667 0.139815
2 0.150260 0.236574 0.040104 0.158333
2 0.188021 0.233796 0.043750 0.176852
2 0.249479 0.266667 0.057292 0.111111
2 0.283333 0.244444 0.056250 0.227778
2 0.369531 0.162037 0.051562 0.224074
2 0.320573 0.214815 0.054688 0.214815
2 0.460156 0.239352 0.069271 0.084259
2 0.514583 0.162963 0.081250 0.211111
2 0.583073 0.149537 0.088021 0.195370
2 0.651302 0.154167 0.072396 0.212037
2 0.729688 0.149537 0.090625 0.234259
2 0.772656 0.757407 0.073438 0.274074
2 0.654687 0.756019 0.071875 0.186111
2 0.685417 0.892593 0.056250 0.114815
2 0.480729 0.660648 0.068750 0.260185
2 0.531771 0.805556 0.059375 0.216667
2 0.574740 0.883796 0.042188 0.143519
2 0.613021 0.823148 0.054167 0.216667
2 0.394792 0.680093 0.065625 0.334259
2 0.322396 0.681944 0.060417 0.213889
2 0.135156 0.807870 0.050521 0.143519
2 0.183333 0.819907 0.056250 0.206481
2 0.276823 0.803704 0.055729 0.177778
2 0.223698 0.822685 0.068229 0.236111
2 0.339323 0.839352 0.051562 0.141667
