2 0.109896 0.273148 0.052083 0.177778
2 0.148177 0.256481 0.044271 0.164815
2 0.179948 0.250926 0.071354 0.203704
2 0.250000 0.231481 0.058333 0.172222
2 0.293490 0.217593 0.052604 0.277778
2 0.364063 0.161574 0.056250 0.247222
2 0.517708 0.156944 0.061458 0.210185
2 0.577604 0.157870 0.068750 0.212037
2 0.652083 0.140741 0.088542 0.216667
2 0.739844 0.076852 0.072396 0.096296
2 0.113021 0.570833 0.062500 0.084259
2 0.087240 0.769444 0.045312 0.155556
2 0.125000 0.831019 0.034375 0.191667
2 0.217188 0.812963 0.057292 0.224074
2 0.319271 0.678241 0.063542 0.202778
2 0.283333 0.802778 0.060417 0.214815
2 0.378125 0.664815 0.064583 0.225926
2 0.470312 0.718519 0.063542 0.337037
2 0.650260 0.754167 0.086979 0.189815
2 0.753125 0.774074 0.066667 0.325926
2 0.871354 0.818056 0.063542 0.191667
2 0.615365 0.858333 0.045312 0.168519
2 0.533333 0.814815 0.066667 0.227778
