2 0.111719 0.261574 0.046354 0.197222
2 0.147135 0.250000 0.050521 0.155556
2 0.186979 0.226852 0.053125 0.170370
2 0.239844 0.196296 0.068229 0.155556
2 0.295833 0.234722 0.048958 0.236111
2 0.364844 0.148611 0.076563 0.204630
2 0.466406 0.117593 0.049479 0.098148
2 0.522135 0.165278 0.074479 0.197222
2 0.592708 0.152315 0.060417 0.236111
2 0.661979 0.154167 0.089583 0.228704
2 0.093750 0.774074 0.068750 0.157407
2 0.127344 0.811574 0.051562 0.182407
2 0.178385 0.800926 0.046354 0.179630
2 0.221354 0.829167 0.065625 0.249074
2 0.325521 0.680093 0.094792 0.299074
2 0.383594 0.723148 0.071354 0.312963
2 0.471615 0.678241 0.074479 0.226852
2 0.450000 0.826389 0.067708 0.204630
2 0.521615 0.799537 0.067187 0.204630
2 0.574219 0.868056 0.051562 0.149074
2 0.640625 0.806481 0.083333 0.222222
2 0.683594 0.873611 0.048438 0.152778
2 0.743490 0.753241 0.059896 0.299074
2 0.785677 0.798611 0.043229 0.206481
2 0.854427 0.797685 0.049479 0.200926
