2 0.104948 0.246296 0.040104 0.105556
2 0.142448 0.238426 0.043229 0.132407
2 0.248698 0.219444 0.075521 0.174074
2 0.309635 0.237500 0.048438 0.217593
2 0.378385 0.143519 0.045312 0.164815
2 0.475781 0.125463 0.040104 0.108333
2 0.530208 0.162963 0.056250 0.175926
2 0.602344 0.154630 0.079687 0.170370
2 0.667448 0.155093 0.070312 0.202778
2 0.086198 0.794907 0.059896 0.210185
2 0.135156 0.829167 0.048438 0.187963
2 0.177865 0.813426 0.041146 0.193519
2 0.222917 0.822685 0.062500 0.247222
2 0.264583 0.804630 0.057292 0.187037
2 0.321615 0.697222 0.078646 0.240741
2 0.399740 0.784259 0.055729 0.227778
2 0.476302 0.674074 0.053646 0.279630
2 0.456250 0.804630 0.063542 0.142593
2 0.529948 0.802778 0.047396 0.207407
2 0.566927 0.859259 0.053646 0.177778
2 0.639583 0.796759 0.057292 0.267593
2 0.677344 0.861111 0.054688 0.148148
2 0.753646 0.766667 0.150000 0.161111
2 0.776302 0.850926 0.052604 0.118519
2 0.850260 0.797685 0.039062 0.178704
