2 0.102865 0.250000 0.046354 0.170370
2 0.142187 0.240278 0.042708 0.150926
2 0.180990 0.242130 0.045312 0.197222
2 0.230990 0.222222 0.050521 0.142593
2 0.296875 0.206944 0.079167 0.237963
2 0.375000 0.164815 0.080208 0.233333
2 0.510938 0.164815 0.066667 0.179630
2 0.457813 0.140741 0.056250 0.124074
2 0.592448 0.154167 0.107812 0.225000
2 0.656510 0.154167 0.109896 0.232407
2 0.381771 0.731481 0.063542 0.275926
2 0.161719 0.831944 0.067187 0.193519
2 0.226823 0.801852 0.054688 0.181481
2 0.283854 0.820833 0.057292 0.186111
2 0.324479 0.694444 0.122917 0.174074
2 0.482292 0.683796 0.057292 0.252778
2 0.455729 0.819907 0.056250 0.180556
2 0.524219 0.798611 0.070312 0.199074
2 0.579688 0.846759 0.056250 0.156481
2 0.617969 0.847685 0.058854 0.167593
2 0.671094 0.854167 0.079687 0.184259
2 0.714844 0.821759 0.110937 0.241667
2 0.782552 0.827315 0.049479 0.202778
2 0.855208 0.810648 0.055208 0.187963
