2 0.109375 0.261574 0.051042 0.117593
2 0.149740 0.257870 0.047396 0.150926
2 0.194271 0.183796 0.063542 0.102778
2 0.254167 0.168981 0.066667 0.087963
2 0.302865 0.139815 0.053646 0.137037
2 0.505469 0.132407 0.161979 0.164815
2 0.778125 0.153241 0.056250 0.199074
2 0.764062 0.431019 0.092708 0.080556
2 0.134635 0.835648 0.043229 0.191667
2 0.234896 0.873611 0.058333 0.163889
2 0.316667 0.868519 0.088542 0.177778
2 0.523698 0.793981 0.079687 0.175000
2 0.537240 0.659259 0.082812 0.233333
2 0.643750 0.740278 0.067708 0.232407
2 0.707292 0.752778 0.065625 0.237037
2 0.771875 0.789352 0.059375 0.291667
2 0.851302 0.797685 0.043229 0.204630
2 0.719271 0.954167 0.063542 0.091667
2 0.340625 0.491667 0.068750 0.166667
2 0.269792 0.526389 0.055208 0.137963
2 0.181771 0.553704 0.065625 0.100000
2 0.609896 0.841204 0.056250 0.199074
