2 0.107292 0.271296 0.053125 0.162963
2 0.191927 0.199074 0.055729 0.168519
2 0.253125 0.187037 0.064583 0.162963
2 0.301302 0.131019 0.038021 0.097222
2 0.446875 0.149537 0.065625 0.284259
2 0.568229 0.146296 0.065625 0.159259
2 0.085156 0.765278 0.059896 0.150926
2 0.131250 0.841204 0.062500 0.141667
2 0.232292 0.862963 0.069792 0.170370
2 0.372917 0.871759 0.040625 0.149074
2 0.517708 0.806019 0.089583 0.193519
2 0.541927 0.662963 0.083854 0.222222
2 0.645052 0.741667 0.078646 0.229630
2 0.702083 0.748148 0.073958 0.216667
2 0.771094 0.776852 0.072396 0.242593
2 0.847656 0.791204 0.044271 0.195370
2 0.808594 0.122685 0.169271 0.145370
