2 0.540885 0.677315 0.079687 0.247222
2 0.519531 0.806481 0.101562 0.172222
2 0.695052 0.569907 0.079687 0.136111
2 0.650781 0.741204 0.075521 0.206481
2 0.715104 0.762500 0.065625 0.206481
2 0.782292 0.787500 0.060417 0.256481
2 0.855208 0.811111 0.057292 0.181481
2 0.894271 0.152315 0.088542 0.158333
2 0.135417 0.852315 0.067708 0.130556
2 0.234375 0.872685 0.057292 0.162037
2 0.377344 0.885648 0.049479 0.189815
2 0.197396 0.205556 0.064583 0.162963
2 0.613281 0.142130 0.045312 0.195370
2 0.777604 0.157407 0.069792 0.218519
2 0.461719 0.108333 0.115104 0.159259
