2 0.146615 0.242130 0.036979 0.147222
2 0.200521 0.208796 0.072917 0.112037
2 0.257031 0.177315 0.058854 0.086111
2 0.461979 0.139815 0.093750 0.187037
2 0.577604 0.155093 0.047917 0.184259
2 0.621094 0.149074 0.044271 0.161111
2 0.776563 0.163889 0.061458 0.227778
2 0.090104 0.775000 0.065625 0.159259
2 0.147917 0.836111 0.063542 0.188889
2 0.238542 0.874537 0.057292 0.171296
2 0.309375 0.876389 0.054167 0.158333
2 0.373177 0.863889 0.050521 0.157407
2 0.543229 0.681944 0.088542 0.241667
2 0.515625 0.810185 0.097917 0.222222
2 0.652604 0.749074 0.063542 0.283333
2 0.705729 0.760185 0.052083 0.214815
2 0.780208 0.779630 0.052083 0.290741
2 0.842708 0.793981 0.056250 0.208333
