2 0.157292 0.250000 0.072917 0.170370
2 0.578906 0.104167 0.140104 0.132407
2 0.083073 0.784259 0.055729 0.181481
2 0.138542 0.829167 0.057292 0.191667
2 0.236458 0.870833 0.085417 0.150926
2 0.518750 0.813426 0.087500 0.204630
2 0.540365 0.677315 0.089063 0.265741
2 0.643750 0.746296 0.067708 0.316667
2 0.609375 0.845833 0.053125 0.186111
2 0.706771 0.764352 0.070833 0.217593
2 0.774479 0.787037 0.061458 0.279630
2 0.850260 0.798611 0.036979 0.180556
2 0.885156 0.742130 0.052604 0.250926
2 0.911198 0.133333 0.070312 0.266667
