2 0.082552 0.773148 0.054688 0.166667
2 0.136458 0.829630 0.057292 0.218519
2 0.538802 0.672685 0.069271 0.256481
2 0.521094 0.813426 0.082812 0.208333
2 0.648698 0.759722 0.047396 0.289815
2 0.716927 0.761574 0.078646 0.215741
2 0.776042 0.781944 0.066667 0.252778
2 0.892708 0.732870 0.055208 0.254630
2 0.846875 0.814815 0.036458 0.166667
2 0.308073 0.881481 0.051562 0.175926
2 0.369531 0.875926 0.055729 0.164815
2 0.446094 0.858796 0.095312 0.197222
2 0.565625 0.156944 0.070833 0.180556
2 0.613802 0.147685 0.046354 0.156481
2 0.693490 0.142593 0.070312 0.285185
2 0.781250 0.156944 0.066667 0.206481
