2 0.085677 0.775926 0.054688 0.157407
2 0.130990 0.839815 0.068229 0.166667
2 0.384635 0.700926 0.083854 0.233333
2 0.469792 0.862963 0.103125 0.135185
2 0.518229 0.819907 0.088542 0.173148
2 0.529687 0.670370 0.067708 0.203704
2 0.656250 0.807407 0.086458 0.292593
2 0.716667 0.776852 0.072917 0.212963
2 0.784375 0.769444 0.070833 0.155556
2 0.775781 0.857407 0.069271 0.120370
2 0.845833 0.818981 0.056250 0.143519
2 0.874740 0.709722 0.047396 0.258333
2 0.579688 0.157870 0.038542 0.178704
2 0.616927 0.148611 0.060937 0.189815
2 0.700521 0.121296 0.086458 0.224074
2 0.778646 0.156481 0.065625 0.220370
2 0.903646 0.140741 0.067708 0.266667
2 0.257031 0.155093 0.074479 0.102778
2 0.195573 0.162037 0.050521 0.112963
