0 0.210677 0.470370 0.046354 0.181481
0 0.240885 0.519444 0.106771 0.100000
0 0.258594 0.568056 0.122396 0.078704
0 0.262500 0.634722 0.119792 0.075000
0 0.241667 0.675000 0.093750 0.062963
0 0.203646 0.732407 0.062500 0.166667
6 0.671875 0.446296 0.059375 0.150000
0 0.730469 0.481481 0.049479 0.166667
0 0.691667 0.611111 0.118750 0.061111
0 0.722917 0.681019 0.068750 0.139815
0 0.778646 0.708796 0.033333 0.156481
1 0.468490 0.502778 0.077604 0.112963
1 0.456771 0.730093 0.098958 0.073148
1 0.491927 0.774537 0.078646 0.086111
5 0.432292 0.868981 0.064583 0.154630
6 0.368490 0.541204 0.075521 0.189815
6 0.947135 0.745370 0.069271 0.111111
