1 0.517188 0.471759 0.088542 0.082407
6 0.445573 0.477315 0.086979 0.145370
1 0.503385 0.646759 0.073438 0.143519
6 0.678906 0.397685 0.079687 0.128704
0 0.741927 0.448611 0.052604 0.195370
0 0.703646 0.587963 0.114583 0.057407
0 0.722656 0.680093 0.048438 0.176852
0 0.799479 0.493981 0.038542 0.080556
4 0.634115 0.736574 0.082812 0.117593
6 0.890104 0.876389 0.070833 0.121296
6 0.551823 0.867130 0.041146 0.186111
1 0.446875 0.784722 0.063542 0.136111
6 0.300000 0.404167 0.087500 0.091667
0 0.251563 0.526852 0.119792 0.079630
0 0.271615 0.568056 0.135937 0.047222
0 0.264062 0.627315 0.112500 0.071296
0 0.240885 0.675463 0.106771 0.075000
0 0.182031 0.727778 0.067187 0.150000
5 0.191146 0.893056 0.063542 0.145370
