0 0.190104 0.459722 0.037500 0.199074
0 0.244010 0.522222 0.102604 0.070370
0 0.255729 0.575926 0.121875 0.055556
0 0.269271 0.637037 0.118750 0.066667
0 0.199219 0.727778 0.043229 0.157407
6 0.693229 0.395370 0.065625 0.151852
0 0.743490 0.443519 0.057812 0.192593
0 0.690885 0.582407 0.114062 0.079630
0 0.720833 0.677315 0.058333 0.150926
6 0.628125 0.729167 0.090625 0.082407
6 0.563021 0.526852 0.093750 0.137037
6 0.620573 0.595833 0.045312 0.156481
6 0.295833 0.405093 0.106250 0.089815
1 0.444010 0.631019 0.099479 0.082407
1 0.491406 0.787963 0.067187 0.159259
6 0.910156 0.776852 0.054688 0.127778
6 0.724479 0.948611 0.093750 0.076852
5 0.554427 0.325000 0.050521 0.155556
