6 0.555469 0.290278 0.086979 0.158333
1 0.516667 0.469444 0.102083 0.103704
0 0.189844 0.455556 0.049479 0.161111
0 0.247656 0.520833 0.107812 0.069444
0 0.262500 0.571759 0.134375 0.063889
0 0.251042 0.635185 0.086458 0.090741
0 0.235417 0.721296 0.035417 0.144444
0 0.205990 0.761574 0.047396 0.178704
0 0.163281 0.736574 0.018229 0.167593
1 0.433073 0.593519 0.101562 0.114815
1 0.422396 0.869444 0.094792 0.100000
0 0.799219 0.422222 0.048438 0.162963
0 0.733333 0.467593 0.061458 0.175926
0 0.701562 0.590741 0.103125 0.105556
0 0.722917 0.675000 0.060417 0.177778
0 0.750000 0.749074 0.040625 0.164815
0 0.776823 0.711111 0.051562 0.164815
5 0.883594 0.773148 0.036979 0.127778
6 0.275260 0.409722 0.104688 0.076852
6 0.618750 0.939815 0.064583 0.120370
