1 0.504687 0.527315 0.089583 0.139815
1 0.521875 0.737500 0.126042 0.095370
1 0.498958 0.852315 0.088542 0.080556
0 0.229687 0.484722 0.096875 0.069444
0 0.241406 0.519907 0.118229 0.075000
0 0.250000 0.567130 0.120833 0.062037
0 0.260417 0.621296 0.121875 0.051852
0 0.234896 0.716667 0.047917 0.150000
0 0.208073 0.729630 0.041146 0.153704
0 0.184896 0.747222 0.041667 0.187037
6 0.562500 0.275926 0.098958 0.157407
4 0.176042 0.931944 0.089583 0.075000
6 0.304427 0.865741 0.050521 0.175926
6 0.621615 0.932870 0.047396 0.115741
0 0.797917 0.430093 0.027083 0.178704
0 0.734375 0.456944 0.037500 0.154630
0 0.690625 0.586111 0.103125 0.064815
0 0.719792 0.700463 0.042708 0.139815
0 0.778646 0.721296 0.055208 0.181481
5 0.835156 0.807407 0.067187 0.101852
6 0.270052 0.405556 0.086979 0.059259
