6 0.380469 0.280556 0.111979 0.098148
6 0.665885 0.439815 0.088021 0.094444
5 0.144531 0.932407 0.051562 0.112963
6 0.531250 0.931944 0.090625 0.121296
0 0.244531 0.512963 0.116146 0.053704
0 0.246875 0.569907 0.122917 0.086111
0 0.244010 0.689352 0.078646 0.149074
0 0.223177 0.730556 0.043229 0.162963
0 0.187500 0.744907 0.028125 0.199074
1 0.500000 0.524537 0.072917 0.141667
1 0.446615 0.571759 0.066146 0.093519
1 0.420833 0.788426 0.115625 0.075000
6 0.417969 0.904167 0.107812 0.106481
6 0.673438 0.887037 0.092708 0.072222
5 0.845313 0.800926 0.085417 0.129630
0 0.719792 0.692593 0.075000 0.177778
0 0.763021 0.706944 0.052083 0.176852
0 0.736719 0.481019 0.044271 0.184259
0 0.697656 0.581481 0.119271 0.098148
