0 0.736719 0.471296 0.050521 0.175926
0 0.694531 0.581481 0.100521 0.044444
0 0.722656 0.677315 0.054688 0.193519
0 0.755469 0.718056 0.041146 0.195370
6 0.689583 0.396296 0.060417 0.122222
6 0.553385 0.244907 0.054688 0.199074
1 0.519010 0.476852 0.104688 0.092593
1 0.507031 0.805556 0.104688 0.105556
1 0.500521 0.872685 0.089583 0.136111
0 0.247917 0.527778 0.103125 0.077778
0 0.255990 0.573611 0.102604 0.071296
0 0.218490 0.710648 0.047396 0.137963
6 0.321875 0.640741 0.063542 0.198148
6 0.267188 0.396296 0.098958 0.100000
1 0.469271 0.610185 0.059375 0.131481
