0 0.231510 0.445370 0.105729 0.087037
0 0.244010 0.518056 0.145313 0.093519
0 0.265104 0.569907 0.139583 0.075000
0 0.256250 0.650463 0.125000 0.100926
0 0.164844 0.710648 0.051562 0.137963
6 0.218750 0.838426 0.105208 0.075000
6 0.253646 0.230093 0.065625 0.141667
1 0.504948 0.483796 0.106771 0.093519
1 0.490365 0.668519 0.049479 0.153704
6 0.509635 0.309259 0.105729 0.109259
0 0.721875 0.529630 0.068750 0.188889
0 0.722135 0.670370 0.081771 0.150000
6 0.775260 0.819907 0.058854 0.173148
0 0.779948 0.442593 0.075521 0.142593
6 0.561458 0.241667 0.052083 0.164815
1 0.498958 0.793981 0.090625 0.104630
1 0.428125 0.877315 0.093750 0.095370
1 0.516667 0.893519 0.102083 0.070370
6 0.349219 0.755093 0.075521 0.137963
6 0.674479 0.911574 0.114583 0.076852
