0 0.155729 0.474074 0.035417 0.151852
0 0.228906 0.480093 0.130729 0.139815
0 0.264062 0.596759 0.105208 0.071296
0 0.254167 0.667593 0.092708 0.112963
0 0.190104 0.719444 0.067708 0.127778
6 0.317969 0.726389 0.120313 0.134259
6 0.639583 0.467130 0.076042 0.137963
0 0.699219 0.534259 0.085938 0.111111
0 0.718750 0.699074 0.047917 0.175926
0 0.747396 0.715741 0.037500 0.174074
0 0.746354 0.430093 0.061458 0.150926
0 0.801562 0.482870 0.066667 0.076852
5 0.832031 0.792130 0.049479 0.182407
6 0.945573 0.786111 0.068229 0.066667
6 0.930729 0.873611 0.063542 0.084259
6 0.386198 0.879167 0.117188 0.065741
