0 0.240365 0.463889 0.118229 0.107407
0 0.272656 0.563426 0.095312 0.084259
0 0.250521 0.635185 0.108333 0.109259
0 0.236719 0.736574 0.076563 0.132407
0 0.171875 0.730093 0.048958 0.137963
1 0.455729 0.440741 0.070833 0.125926
1 0.511979 0.593981 0.086458 0.102778
1 0.463802 0.691667 0.076563 0.122222
1 0.502604 0.786111 0.089583 0.109259
1 0.493490 0.956944 0.088021 0.075000
6 0.363542 0.870833 0.061458 0.186111
6 0.679948 0.427315 0.051562 0.195370
6 0.654687 0.232870 0.083333 0.082407
6 0.795833 0.370833 0.053125 0.182407
0 0.713281 0.684722 0.079687 0.139815
5 0.850781 0.779630 0.060937 0.107407
6 0.724740 0.905093 0.084896 0.136111
6 0.746354 0.449074 0.085417 0.155556
0 0.246094 0.280556 0.044271 0.144444
