6 0.248177 0.235648 0.076563 0.152778
6 0.198177 0.424537 0.053646 0.125000
0 0.230469 0.498148 0.111979 0.111111
0 0.259115 0.605556 0.098437 0.107407
0 0.233073 0.667593 0.076563 0.090741
0 0.183594 0.741204 0.054688 0.191667
1 0.496354 0.450926 0.102083 0.098148
1 0.496354 0.593519 0.100000 0.107407
1 0.499479 0.798611 0.093750 0.095370
1 0.447656 0.694444 0.086979 0.077778
1 0.497917 0.965278 0.092708 0.069444
6 0.714063 0.222222 0.065625 0.138889
0 0.798177 0.457870 0.044271 0.137963
0 0.691146 0.592593 0.121875 0.062963
0 0.718229 0.690741 0.095833 0.124074
5 0.846875 0.775926 0.060417 0.114815
0 0.774740 0.855093 0.090104 0.093519
6 0.840885 0.376389 0.074479 0.113889
