6 0.391927 0.138889 0.110937 0.124074
6 0.200521 0.434722 0.056250 0.152778
0 0.253906 0.609259 0.076563 0.146296
6 0.319010 0.710185 0.059896 0.170370
1 0.491406 0.451852 0.067187 0.100000
1 0.442448 0.543981 0.115104 0.062037
1 0.495573 0.793056 0.101562 0.087963
1 0.484635 0.952315 0.078646 0.073148
6 0.832812 0.238426 0.064583 0.193519
0 0.792969 0.451389 0.053646 0.150926
0 0.680469 0.560648 0.119271 0.086111
0 0.721615 0.649537 0.113021 0.087963
5 0.844271 0.783333 0.073958 0.114815
6 0.716927 0.227315 0.074479 0.139815
1 0.437500 0.705093 0.086458 0.080556
