1 0.447396 0.491667 0.064583 0.120370
1 0.446875 0.763426 0.091667 0.071296
1 0.460156 0.668519 0.083854 0.096296
0 0.262500 0.549537 0.130208 0.076852
6 0.352865 0.643981 0.102604 0.087963
1 0.502083 0.862963 0.088542 0.094444
1 0.492188 0.962037 0.093750 0.057407
6 0.727344 0.403241 0.073438 0.143519
0 0.798698 0.460648 0.049479 0.158333
0 0.681510 0.582870 0.132812 0.082407
5 0.851823 0.774074 0.094271 0.100000
6 0.557813 0.368519 0.128125 0.124074
3 0.746615 0.732870 0.114062 0.193519
6 0.716146 0.220370 0.067708 0.179630
