0 0.699740 0.523148 0.108854 0.118519
0 0.792448 0.474074 0.044271 0.124074
6 0.714323 0.385185 0.047396 0.175926
6 0.717187 0.231019 0.061458 0.150926
6 0.648177 0.237963 0.066146 0.164815
0 0.735417 0.678704 0.061458 0.166667
0 0.779687 0.737500 0.043750 0.187963
5 0.853906 0.776852 0.068229 0.094444
6 0.472135 0.165741 0.083854 0.155556
1 0.500000 0.528704 0.072917 0.137037
1 0.505990 0.630093 0.106771 0.084259
1 0.494010 0.711574 0.117188 0.071296
1 0.457813 0.931944 0.062500 0.117593
1 0.178906 0.489815 0.090104 0.109259
1 0.251042 0.548148 0.127083 0.064815
1 0.252083 0.606481 0.096875 0.059259
1 0.259115 0.657870 0.104688 0.089815
1 0.214844 0.725926 0.050521 0.172222
