0 0.155208 0.490741 0.034375 0.157407
0 0.197656 0.474074 0.044271 0.144444
0 0.234896 0.503241 0.094792 0.086111
0 0.252344 0.557407 0.114062 0.092593
0 0.259115 0.604167 0.134896 0.078704
0 0.173437 0.737037 0.036458 0.166667
0 0.189844 0.739815 0.043229 0.164815
0 0.230469 0.738889 0.075521 0.162963
6 0.714323 0.372222 0.055729 0.166667
0 0.793750 0.475926 0.065625 0.112963
0 0.735417 0.672222 0.053125 0.164815
1 0.506510 0.515278 0.075521 0.119444
1 0.512500 0.626389 0.102083 0.062037
1 0.488281 0.705093 0.077604 0.102778
1 0.509115 0.804630 0.082812 0.122222
1 0.456250 0.937037 0.057292 0.111111
5 0.851823 0.793056 0.078646 0.123148
6 0.284896 0.343519 0.087500 0.112963
6 0.530729 0.913889 0.095833 0.088889
