6 0.719271 0.235648 0.059375 0.130556
0 0.158854 0.483796 0.037500 0.150926
0 0.246615 0.485185 0.077604 0.112963
0 0.261979 0.600926 0.131250 0.055556
0 0.230729 0.706944 0.066667 0.169444
1 0.537500 0.533333 0.096875 0.127778
1 0.453125 0.474074 0.100000 0.062963
1 0.514583 0.643056 0.083333 0.082407
1 0.494010 0.737963 0.110937 0.057407
1 0.494531 0.923148 0.073438 0.103704
0 0.751563 0.433796 0.065625 0.178704
0 0.709635 0.519444 0.104688 0.057407
0 0.691146 0.599537 0.130208 0.045370
0 0.725260 0.701852 0.059896 0.174074
0 0.755990 0.724074 0.056771 0.172222
