0 0.209115 0.470370 0.097396 0.120370
0 0.246354 0.535648 0.123958 0.071296
0 0.205208 0.714352 0.091667 0.134259
6 0.301302 0.853704 0.106771 0.109259
1 0.476823 0.410648 0.064062 0.139815
1 0.450781 0.507407 0.076563 0.100000
1 0.505469 0.756944 0.099479 0.073148
1 0.493490 0.831481 0.101562 0.072222
1 0.494531 0.906944 0.103646 0.075000
1 0.479427 0.645370 0.041146 0.122222
0 0.702604 0.510648 0.148958 0.086111
0 0.757031 0.700463 0.056771 0.189815
6 0.810937 0.857870 0.041667 0.137963
6 0.559375 0.625463 0.064583 0.165741
6 0.673698 0.399537 0.109896 0.089815
